actual,predict
0.7892770171165466,1.5628201961517334
0.6237750053405762,1.483191967010498
0.6914690136909485,1.4789936542510986
0.855771005153656,1.4027800559997559
0.7093830108642578,1.330304503440857
1.0145479440689087,1.4092555046081543
1.1157310009002686,1.5567940473556519
0.41828301548957825,1.4997934103012085
1.0022809505462646,1.4387784004211426
1.2188609838485718,1.4066060781478882
1.1432960033416748,1.608907699584961
0.6528189778327942,1.637059211730957
0.6746559739112854,1.553271770477295
0.6009536385536194,1.588226318359375
0.6694570183753967,1.4619991779327393
0.6538079977035522,1.4334450960159302
0.7814120054244995,1.1594445705413818
1.2063039541244507,1.3043822050094604
0.8469259738922119,1.4054673910140991
0.8286409974098206,1.5209506750106812
0.648239016532898,1.3620718717575073
0.5623700022697449,1.3805296421051025
0.718330979347229,1.3990815877914429
1.0996479988098145,1.388731837272644
0.9541710019111633,1.471864104270935
0.729013979434967,1.5350874662399292
0.6694499850273132,1.4078989028930664
0.8631219863891602,1.4541608095169067
0.6464660167694092,1.622246265411377
0.8223180174827576,1.4398070573806763
0.9235979914665222,1.4563517570495605
0.8300920128822327,1.4854825735092163
1.0673140287399292,1.2906522750854492
1.5461750030517578,1.600303053855896
0.6827279925346375,1.728817343711853
0.638562023639679,1.6713656187057495
0.6464239954948425,1.5549591779708862
0.6881093978881836,1.3582743406295776
0.7273989915847778,1.5673257112503052
0.65003502368927,1.424689769744873
0.8693690299987793,1.364472508430481
0.44085800647735596,1.4582293033599854
0.4518609642982483,1.4022120237350464
0.7575070261955261,1.4061000347137451
0.4952389895915985,1.3627066612243652
0.6850870251655579,1.3765827417373657
0.7243813276290894,1.3810856342315674
0.8653740286827087,1.3648518323898315
0.7400469779968262,1.5377638339996338
0.8070759773254395,1.357656478881836
0.8204330205917358,1.3135486841201782
1.1144119501113892,1.4807929992675781
1.1086050271987915,1.5663013458251953
0.4751499891281128,1.6190866231918335
1.0392680168151855,1.5067822933197021
0.9457899928092957,1.6075375080108643
0.7877500057220459,1.4326788187026978
0.35045498609542847,1.4272410869598389
0.9367713928222656,1.3280937671661377
0.9868060350418091,1.3388347625732422
0.6470239758491516,1.6085931062698364
1.0297770500183105,1.290054202079773
1.18744695186615,1.4742892980575562
0.9328820705413818,1.5722347497940063
0.7528370022773743,1.5666418075561523
0.6420040130615234,1.5096312761306763
0.23073400557041168,1.562558650970459
0.4714997112751007,1.3021410703659058
0.8772729635238647,1.264923095703125
0.7876309752464294,1.351130485534668
0.2742219865322113,1.429605484008789
0.39922699332237244,1.3131550550460815
0.992351233959198,1.1990923881530762
0.762723982334137,1.4193265438079834
0.7200859785079956,1.4522840976715088
0.6264780163764954,1.2818143367767334
0.7269890308380127,1.2525722980499268
0.9301019906997681,1.5010656118392944
0.6872699856758118,1.46775221824646
0.8662552833557129,1.3183029890060425
0.8352038264274597,1.4579243659973145
0.9402499794960022,1.443903923034668
1.0233579874038696,1.5423282384872437
0.7322629690170288,1.5614467859268188
0.93007493019104,1.5614372491836548
0.8702930212020874,1.4724904298782349
0.5104020237922668,1.4412363767623901
1.0258179903030396,1.5183149576187134
0.4551239609718323,1.5807067155838013
0.7345349788665771,1.4226164817810059
0.7012919783592224,1.4895979166030884
1.0143860578536987,1.4737536907196045
1.1237702369689941,1.4556868076324463
0.48253700137138367,1.473435401916504
0.46893200278282166,1.428320050239563
0.8755196928977966,1.3563495874404907
1.1454249620437622,1.4454641342163086
1.9437874555587769,1.5894092321395874
1.5570390224456787,1.7784233093261719
2.104775905609131,1.9569894075393677
1.0622400045394897,1.9321478605270386
0.78678297996521,2.1151375770568848
2.2479710578918457,1.5562511682510376
0.5664669871330261,1.8346987962722778
0.8389729857444763,1.908778190612793
0.31881898641586304,1.7241147756576538
0.6386680006980896,1.6643575429916382
0.7540266513824463,1.561728596687317
1.08582603931427,1.5254439115524292
0.6014299988746643,1.5374201536178589
0.6923220157623291,1.5804520845413208
0.8782439827919006,1.4175511598587036
1.2792240381240845,1.4292224645614624
0.7251669764518738,1.6005195379257202
0.42831099033355713,1.543174386024475
0.7012249827384949,1.4985705614089966
0.8846225738525391,1.3248028755187988
0.7809653878211975,1.446290135383606
0.9259699583053589,1.3768619298934937
0.9178640246391296,1.4222526550292969
0.9073020219802856,1.454067349433899
0.409945011138916,1.5511422157287598
0.8741459846496582,1.394391417503357
1.2313439846038818,1.5020941495895386
0.7683960199356079,1.4707207679748535
0.9357339143753052,1.3590363264083862
0.752327024936676,1.4674221277236938
0.624783992767334,1.5992375612258911
1.9779471158981323,1.5370509624481201
2.4764792919158936,1.6829094886779785
0.6822599768638611,2.262817621231079
1.29407799243927,1.85918390750885
2.1165060997009277,1.8273160457611084
2.0302300453186035,2.020019292831421
1.7275930643081665,2.3284144401550293
1.3216190338134766,2.1197781562805176
1.1142749786376953,2.101045608520508
1.6184829473495483,2.1495325565338135
1.1023540496826172,2.0831985473632812
0.8501269817352295,1.993772268295288
0.6531813144683838,1.6386609077453613
0.6168276071548462,1.46771240234375
1.0232048034667969,1.5526540279388428
1.1767810583114624,1.6434437036514282
1.10875403881073,1.5953598022460938
0.9838110208511353,1.5352439880371094
1.8299274444580078,1.5080628395080566
1.3421310186386108,1.9692749977111816
1.265669584274292,1.949549674987793
0.7930377125740051,1.9953995943069458
1.0306893587112427,1.5978271961212158
0.8210232257843018,1.7381280660629272
1.0991692543029785,1.5091781616210938
0.525535523891449,1.7038230895996094
0.7758393883705139,1.5380163192749023
0.7209759950637817,1.5258889198303223
0.8666771054267883,1.44754159450531
0.8462041020393372,1.3629052639007568
0.7614132165908813,1.3949004411697388
0.6587246060371399,1.3023695945739746
1.0786592960357666,1.5227488279342651
1.2819403409957886,1.5847523212432861
0.6600005030632019,1.6680773496627808
1.112500548362732,1.572805404663086
0.6280704736709595,1.4987144470214844
0.6864575743675232,1.529218077659607
0.9000409245491028,1.5448565483093262
0.7342569231987,1.3528903722763062
1.0111212730407715,1.4706050157546997
0.8827599883079529,1.527252435684204
0.7521411776542664,1.447292447090149
0.9489411115646362,1.4546562433242798
0.6799052953720093,1.475935697555542
0.7211565971374512,1.35648775100708
0.6504104733467102,1.3538615703582764
0.71671062707901,1.3973898887634277
0.9056316018104553,1.4329346418380737
0.6526464819908142,1.4348279237747192
0.7056654095649719,1.4129759073257446
0.6581057906150818,1.5061335563659668
0.6592794060707092,1.3301345109939575
0.6634064316749573,1.4542292356491089
0.7808002829551697,1.395503282546997
0.756590723991394,1.429677963256836
0.9280405044555664,1.2804540395736694
0.7073829770088196,1.421274185180664
0.388839989900589,1.4605302810668945
0.3422417938709259,1.2456098794937134
0.2337299883365631,1.2620967626571655
0.14591270685195923,1.199440598487854
0.39495348930358887,1.1002224683761597
0.9678409099578857,1.1448746919631958
0.783922016620636,1.2541288137435913
0.8333759903907776,1.3114856481552124
0.9723259210586548,1.3727346658706665
0.6905210018157959,1.4421510696411133
1.3453240394592285,1.409398078918457
0.7227010130882263,1.5243158340454102
0.6804850101470947,1.523611068725586
0.7610610127449036,1.5064759254455566
0.8075709939002991,1.5372776985168457
0.5886639952659607,1.4567183256149292
0.9960751533508301,1.4765706062316895
1.0454139709472656,1.4672993421554565
0.4713059961795807,1.5680633783340454
1.0471409559249878,1.457811951637268
1.1262142658233643,1.283889651298523
2.5604617595672607,1.5967224836349487
0.7747610211372375,1.899032711982727
0.7172060012817383,1.6695621013641357
0.8005080223083496,1.7189351320266724
0.5680390000343323,1.7751984596252441
1.1957800388336182,1.6172559261322021
0.7970449924468994,1.2663105726242065
0.4899360239505768,1.5521728992462158
0.9918129444122314,1.4997400045394897
0.7445690035820007,1.560139536857605
0.6096370220184326,1.473551630973816
0.8565919995307922,1.4992725849151611
0.8144299983978271,1.2543281316757202
0.7605929970741272,1.425787329673767
0.9157519340515137,1.5039949417114258
0.7421634793281555,1.550237774848938
0.7329360246658325,1.449138879776001
0.8745691180229187,1.500415325164795
0.9644910097122192,1.5182615518569946
1.4776719808578491,1.523969292640686
0.6752679944038391,1.683853030204773
0.5030400156974792,1.3874751329421997
0.7066659927368164,1.3958624601364136
2.968195915222168,1.5106828212738037
1.2553009986877441,1.9802281856536865
4.08481502532959,1.6859991550445557
1.6923229694366455,2.8538992404937744
0.4121052026748657,2.530811071395874
1.0357509851455688,2.007537603378296
0.6408920288085938,1.772249460220337
0.7065470218658447,1.8229421377182007
1.0608303546905518,1.5916005373001099
1.8809541463851929,1.6050420999526978
1.8863739967346191,1.7071541547775269
1.3287739753723145,1.8481782674789429
0.39318400621414185,2.0638816356658936
0.6382430195808411,1.8024448156356812
1.045531988143921,1.4031314849853516
0.6588029861450195,1.686618447303772
0.8046740293502808,1.4356895685195923
0.8740410208702087,1.4629237651824951
0.853255033493042,1.509202241897583
0.8952109813690186,1.4676947593688965
0.7301589846611023,1.6311187744140625
0.4149410128593445,1.4586035013198853
0.27009400725364685,1.3115772008895874
0.4911320209503174,1.3102490901947021
0.5079169869422913,1.3100117444992065
1.224020004272461,1.4166632890701294
1.267657995223999,1.412072777748108
2.6334879398345947,1.408297061920166
3.999615430831909,1.6281155347824097
6.651418209075928,2.633390426635742
2.102678060531616,3.1881580352783203
1.2836899757385254,3.797858715057373
1.2913475036621094,3.285952568054199
1.3537540435791016,2.6489694118499756
2.390191078186035,1.7356709241867065
1.4614410400390625,2.711080551147461
1.599208950996399,2.2680325508117676
1.4711509943008423,2.0427258014678955
1.298205018043518,2.1181042194366455
1.5796220302581787,1.7494736909866333
1.360355019569397,2.232186794281006
0.8036410212516785,2.0872962474823
0.4276689887046814,1.892979621887207
0.2694070041179657,1.5333577394485474
0.3897170126438141,1.4973174333572388
0.41791701316833496,1.456554889678955
1.5460360050201416,1.3051645755767822
1.017611026763916,1.3961291313171387
0.8653150200843811,1.3251384496688843
0.6194109916687012,1.5229564905166626
0.8454149961471558,1.5461843013763428
0.8048596382141113,1.528287649154663
1.4358890056610107,1.4217909574508667
2.5657520294189453,1.4319788217544556
6.206179141998291,1.626895785331726
0.9309500455856323,2.7132349014282227
0.9077759981155396,2.496652126312256
0.46097978949546814,2.1370718479156494
0.5264570116996765,1.8682446479797363
0.7942249774932861,1.8255791664123535
0.9704010486602783,1.798274278640747
0.6695889830589294,1.6488734483718872
0.6997730135917664,1.4360040426254272
0.6903669834136963,1.4497019052505493
0.6361600160598755,1.4657249450683594
0.9726700782775879,1.4406300783157349
0.6393389701843262,1.5816283226013184
0.5123779773712158,1.4301162958145142
0.5699130296707153,1.2679023742675781
0.8318089842796326,1.295920729637146
0.4694110155105591,1.3330360651016235
0.9054309725761414,1.2677021026611328
0.8482750058174133,1.4688321352005005
0.6566630005836487,1.418189287185669
0.6324055790901184,1.3586095571517944
0.32685500383377075,1.4891055822372437
0.3047409951686859,1.2413709163665771
0.21594800055027008,1.2587039470672607
0.21484799683094025,1.1854920387268066
0.15123100578784943,1.098078966140747
0.4153338372707367,0.8912813663482666
0.7344200015068054,1.0152174234390259
0.9913370013237,1.2003141641616821
0.7910000085830688,1.2365418672561646
0.742917001247406,1.4052664041519165
0.7426548600196838,1.370363712310791
0.8799139857292175,1.4677705764770508
0.7376829981803894,1.3302323818206787
1.2403429746627808,1.5195056200027466
0.8343409895896912,1.5630522966384888
0.3054729998111725,1.4778788089752197
0.8929459452629089,1.4508692026138306
1.2858660221099854,1.4010355472564697
0.41464000940322876,1.386764645576477
1.090137004852295,1.4172637462615967
0.5923830270767212,1.486065149307251
0.37732601165771484,1.34542715549469
2.6935973167419434,1.3727083206176758
2.288666009902954,1.7230405807495117
0.8955270051956177,2.2088425159454346
0.8070570230484009,1.973084568977356
1.194862961769104,1.82591712474823
0.8929409980773926,1.8631964921951294
0.9776080846786499,2.0163350105285645
1.8325068950653076,1.6967103481292725
1.4037929773330688,1.9288941621780396
0.7223749756813049,1.9093372821807861
0.6599410176277161,1.7414056062698364
0.7407349944114685,1.7234816551208496
0.5553659796714783,1.5143769979476929
1.2367689609527588,1.5518813133239746
0.6214020252227783,1.4838831424713135
0.710873007774353,1.3764991760253906
0.30647799372673035,1.5090909004211426
0.6473349928855896,1.3590679168701172
0.5458269715309143,1.3567782640457153
1.0242477655410767,1.264898419380188
0.8176820278167725,1.4393246173858643
0.7440620064735413,1.468935251235962
0.7367150187492371,1.3654100894927979
0.5768560171127319,1.3787102699279785
0.9152599573135376,1.3696109056472778
1.1370290517807007,1.5480632781982422
0.4960080087184906,1.451172947883606
0.4941360056400299,1.505448579788208
0.8834533095359802,1.3386913537979126
1.2715249061584473,1.3983601331710815
0.8864369988441467,1.515905499458313
0.8988279700279236,1.5300040245056152
0.9049779772758484,1.5515398979187012
0.8299319744110107,1.4085079431533813
0.8756300210952759,1.495468258857727
0.5502920150756836,1.5620944499969482
1.073919415473938,1.4571270942687988
0.8491920232772827,1.5123118162155151
0.6393229961395264,1.4797604084014893
0.7995309829711914,1.3291114568710327
0.9646000266075134,1.4660130739212036
0.8413559794425964,1.504855751991272
0.7011449933052063,1.5161858797073364
0.7240070104598999,1.4398030042648315
1.010308027267456,1.4718430042266846
0.6538060307502747,1.4926321506500244
0.7932850122451782,1.4800106287002563
0.653839647769928,1.4670878648757935
1.160789966583252,1.4513487815856934
0.8085789680480957,1.5199863910675049
0.3743770122528076,1.5225844383239746
0.2556999921798706,1.463141679763794
0.4893150329589844,1.3146586418151855
1.1518440246582031,1.1725815534591675
0.7372779846191406,1.4621453285217285
1.088750958442688,1.3796697854995728
1.9758529663085938,1.4408677816390991
0.8547700047492981,1.759674072265625
0.7977370023727417,1.724570631980896
1.052428960800171,1.8088985681533813
3.1794509887695312,1.783958911895752
1.7970678806304932,1.8920022249221802
1.0567020177841187,1.991793155670166
0.8751260042190552,1.9661533832550049
0.6645399928092957,1.6078554391860962
0.7571684122085571,1.7653919458389282
1.3684840202331543,1.8415557146072388
0.9052470326423645,1.6821346282958984
1.032060980796814,1.740922451019287
0.6141330003738403,1.736547827720642
0.9733130931854248,1.6065497398376465
0.6452289819717407,1.6012192964553833
0.4894390106201172,1.5060322284698486
0.8408679962158203,1.3153473138809204
0.7771940231323242,1.3314255475997925
0.6755350232124329,1.446351170539856
0.659205973148346,1.4326200485229492
1.0841530561447144,1.3879061937332153
0.931410014629364,1.5004523992538452
1.3594796657562256,1.426540493965149
0.7633988261222839,1.6707756519317627
0.5357339978218079,1.496688723564148
0.6781889796257019,1.5005091428756714
0.7839810252189636,1.435448408126831
1.1693676710128784,1.5840345621109009
1.01528799533844,1.4806255102157593
0.9259429574012756,1.589982509613037
1.3192440271377563,1.4888291358947754
0.971746027469635,1.6419126987457275
1.1762996912002563,1.7570768594741821
1.7146090269088745,1.6515958309173584
1.3073370456695557,1.839922547340393
0.6186890006065369,1.867205023765564
2.298435926437378,1.5845575332641602
1.8082410097122192,2.0925722122192383
0.879414975643158,1.964888572692871
1.5709450244903564,2.0701096057891846
1.5785160064697266,1.9007729291915894
0.6200309991836548,1.766187310218811
0.9928810000419617,1.7038553953170776
0.45518699288368225,1.8494757413864136
1.0173989534378052,1.3581494092941284
0.8378469944000244,1.483202338218689
0.48847696185112,1.507467269897461
1.2463409900665283,1.5193406343460083
1.2096309661865234,1.5390599966049194
1.2524510622024536,1.633758306503296
1.5197269916534424,1.7325856685638428
1.063797950744629,1.9033775329589844
1.5714950561523438,1.5449367761611938
1.2781050205230713,1.8167917728424072
1.1920779943466187,1.9835071563720703
0.8304439187049866,1.7427175045013428
1.4020156860351562,1.5968787670135498
1.1565040349960327,1.7972698211669922
1.1625548601150513,1.6274904012680054
0.6007519960403442,1.7094371318817139
1.2538357973098755,1.5897105932235718
1.7918440103530884,1.5359910726547241
1.7340625524520874,1.7912142276763916
4.939970970153809,2.192692518234253
2.394351005554199,2.7235729694366455
2.212575912475586,2.5979247093200684
1.8865269422531128,2.8436715602874756
0.934382975101471,2.781055212020874
0.9099829196929932,2.366922378540039
0.8112999796867371,2.2811288833618164
1.0497089624404907,1.900774359703064
1.35178804397583,1.8444565534591675
1.2773059606552124,1.6132887601852417
0.785444974899292,1.661648154258728
0.4846230149269104,1.6236865520477295
0.667635977268219,1.588157296180725
0.8322510123252869,1.3389784097671509
0.5959370136260986,1.621130108833313
0.34108901023864746,1.4663307666778564
0.686011016368866,1.2693110704421997
0.8153510093688965,1.3089115619659424
0.39854300022125244,1.357413411140442
0.6998159885406494,1.3167799711227417
0.4263690114021301,1.3881454467773438
0.6866139769554138,1.3582048416137695
0.1826770007610321,1.3325815200805664
0.7018824815750122,1.1702507734298706
1.7966820001602173,1.330258846282959
0.7204269766807556,1.521896481513977
0.46806401014328003,1.4502028226852417
0.6408870220184326,1.4555995464324951
0.7520520091056824,1.4008591175079346
1.0018175840377808,1.470576286315918
1.660804033279419,1.4783679246902466
1.4505950212478638,1.6462037563323975
1.085010051727295,1.782493233680725
1.0995550155639648,1.770234227180481
0.7694180011749268,1.6758131980895996
1.2544304132461548,1.6249096393585205
1.4963209629058838,1.7055716514587402
0.7186369895935059,1.6134932041168213
0.890201985836029,1.630039095878601
0.9891759753227234,1.5985418558120728
2.8490145206451416,1.5541507005691528
4.2810750007629395,2.1405272483825684
1.2487390041351318,2.8484609127044678
0.7096589803695679,2.005701780319214
0.7497439980506897,2.0609536170959473
0.8907450437545776,1.9318629503250122
1.4695279598236084,1.9978059530258179
1.608888030052185,1.9033000469207764
1.0434609651565552,1.4691022634506226
1.184751033782959,1.9355151653289795
0.5063725113868713,1.6438995599746704
0.6946156024932861,1.7490679025650024
0.9299110174179077,1.392683744430542
0.7754629850387573,1.5333623886108398
0.8564696311950684,1.4300287961959839
0.9269009828567505,1.5592933893203735
0.7506660223007202,1.4677296876907349
0.9248849749565125,1.5177031755447388
1.0701626539230347,1.416797399520874
0.8752880096435547,1.5295517444610596
0.7511039972305298,1.5185034275054932
0.8627579808235168,1.572092890739441
0.5096570253372192,1.5835624933242798
0.849524974822998,1.493175983428955
0.6711369752883911,1.5002191066741943
0.6132180094718933,1.4147086143493652
0.38105499744415283,1.42717444896698
0.871042013168335,1.3481227159500122
0.6540319919586182,1.4715887308120728
0.9089674353599548,1.457390546798706
0.9709029793739319,1.4510161876678467
0.9856919646263123,1.486355185508728
1.3562562465667725,1.541455626487732
1.3098729848861694,1.6317718029022217
0.6344919800758362,1.810623288154602
0.5933508276939392,1.561004877090454
0.8796380162239075,1.631861925125122
1.1318364143371582,1.5089257955551147
1.8412740230560303,1.5122034549713135
2.2617459297180176,1.7576255798339844
2.597975969314575,2.089226722717285
2.3991920948028564,2.3254754543304443
1.9822980165481567,2.39699387550354
2.269547939300537,2.069891929626465
2.017889976501465,2.5925917625427246
1.452262043952942,2.3156092166900635
1.3427979946136475,1.8226763010025024
1.3119150400161743,2.090209484100342
1.2767620086669922,2.078986406326294
1.2752670049667358,2.0380730628967285
1.2104460000991821,1.8588637113571167
0.8153480291366577,1.9939781427383423
0.7271119952201843,1.7104743719100952
0.6043019890785217,1.7440871000289917
0.9830358624458313,1.5584913492202759
1.1015290021896362,1.616389513015747
1.1837249994277954,1.6523816585540771
0.43564000725746155,1.6596355438232422
0.32700401544570923,1.3807885646820068
0.8039849996566772,1.3308892250061035
0.42168599367141724,1.3973941802978516
0.5734559893608093,1.436039686203003
0.39594578742980957,1.34932541847229
0.4163750112056732,1.2193330526351929
0.5603970289230347,1.2889786958694458
0.7749050259590149,1.3425612449645996
0.6370840072631836,1.255263090133667
0.38392600417137146,1.276959776878357
0.564873993396759,1.211238980293274
1.0547150373458862,1.3339331150054932
0.6537709832191467,1.3905664682388306
0.5931029915809631,1.396219253540039
1.022608995437622,1.392076849937439
0.8359869718551636,1.4592941999435425
0.6375340223312378,1.3503884077072144
0.9755985140800476,1.4612520933151245
0.48980802297592163,1.4907808303833008
1.098647952079773,1.3524442911148071
1.1511659622192383,1.4674327373504639
0.8061249852180481,1.5299659967422485
0.47447702288627625,1.4798051118850708
0.7896029949188232,1.4604785442352295
0.4762530028820038,1.4616281986236572
0.5455229878425598,1.2861857414245605
0.6212809681892395,1.4087241888046265
0.7707700133323669,1.3795632123947144
0.9337069988250732,1.4961806535720825
0.8110550045967102,1.3337945938110352
0.6005529761314392,1.4223779439926147
1.00252103805542,1.3371139764785767
0.8921650648117065,1.546828269958496
0.9160849452018738,1.5355901718139648
0.7413420081138611,1.3694000244140625
0.9283249974250793,1.4295127391815186
0.6429409980773926,1.5294431447982788
0.9950090050697327,1.5312734842300415
0.6271365880966187,1.4113049507141113
1.0386890172958374,1.5288612842559814
0.6888009905815125,1.3862223625183105
0.5214130282402039,1.3720786571502686
0.6510270237922668,1.4001622200012207
1.159701943397522,1.4827544689178467
0.6456400156021118,1.4783437252044678
1.1958626508712769,1.4010552167892456
1.304703950881958,1.567024827003479
0.8844429850578308,1.6673136949539185
0.7697709798812866,1.5943032503128052
0.7702100276947021,1.5765787363052368
0.6418280005455017,1.3815264701843262
0.8937159776687622,1.5626769065856934
0.5247250199317932,1.3986872434616089
0.5142210125923157,1.448378562927246
0.7172748446464539,1.404550313949585
0.6410769820213318,1.3946884870529175
0.4689820110797882,1.2798410654067993
1.2037500143051147,1.1224273443222046
0.7911959886550903,1.395347237586975
1.1363011598587036,1.5082083940505981
0.8642929792404175,1.449552297592163
0.8814030289649963,1.5253949165344238
0.5817409753799438,1.5538277626037598
0.865119993686676,1.5536670684814453
0.9078125357627869,1.4981523752212524
0.7377740144729614,1.5519899129867554
1.1203750371932983,1.5092604160308838
0.9422479867935181,1.5867453813552856
1.0600600242614746,1.43827223777771
0.7158420085906982,1.5655360221862793
0.4040209949016571,1.4188556671142578
0.2920779883861542,1.4777668714523315
0.631792426109314,1.3341246843338013
1.1246652603149414,1.4721524715423584
1.1156909465789795,1.384170651435852
1.247418999671936,1.5452682971954346
0.6976169943809509,1.649789571762085
3.6939752101898193,1.5874660015106201
0.8204839825630188,2.146329879760742
0.8573070168495178,1.8801589012145996
0.69023597240448,1.966066598892212
0.8385969996452332,1.6710525751113892
1.2877269983291626,1.767359972000122
0.9632229804992676,1.505063533782959
1.3432999849319458,1.6786051988601685
0.7316169738769531,1.7180999517440796
0.6809219717979431,1.6508699655532837
0.7014784216880798,1.6317960023880005
0.6698030233383179,1.498470664024353
1.36564302444458,1.3716729879379272
0.9781419634819031,1.4679279327392578
0.6786789894104004,1.542257308959961
0.5976330041885376,1.445936918258667
0.8193774819374084,1.3681844472885132
0.7911109924316406,1.4242833852767944
1.0441473722457886,1.441007375717163
1.400015950202942,1.519604206085205
0.874862015247345,1.5244770050048828
0.6228179931640625,1.6195863485336304
0.716405987739563,1.5059088468551636
0.6523500084877014,1.4573304653167725
0.9379299879074097,1.4949325323104858
0.5936999917030334,1.401761531829834
0.5393440127372742,1.3709901571273804
0.9370089769363403,1.2584689855575562
0.8087720274925232,1.3558820486068726
0.5654280185699463,1.4408317804336548
0.6020820140838623,1.3326600790023804
1.1466799974441528,1.3517831563949585
0.9824250340461731,1.451511263847351
0.5671510100364685,1.4714701175689697
0.7866399884223938,1.4901264905929565
0.7388439774513245,1.414981722831726
0.6810299754142761,1.4152315855026245
0.7086979746818542,1.5231088399887085
0.6642330288887024,1.2624439001083374
0.5124790072441101,1.3685193061828613
0.6040380001068115,1.3079845905303955
0.6728799939155579,1.3903963565826416
0.8265414834022522,1.2086436748504639
0.4546860158443451,1.4578369855880737
0.5594509840011597,1.314599633216858
0.1332218050956726,1.3738033771514893
0.16330699622631073,1.2942835092544556
0.17978604137897491,1.040366530418396
0.5747918486595154,1.0044448375701904
0.8508148789405823,1.102197289466858
0.8527640104293823,1.3479853868484497
1.6876280307769775,1.4005845785140991
2.149522066116333,1.7143634557724
0.8122850060462952,2.0122015476226807
1.2396399974822998,1.8726439476013184
2.1284372806549072,1.8804887533187866
2.1392390727996826,2.175828695297241
0.9779880046844482,2.051602602005005
0.6937779784202576,1.9466267824172974
0.7218790054321289,1.8832252025604248
0.7631160020828247,1.563330888748169
0.8565329909324646,1.4646443128585815
1.1093380451202393,1.348320484161377
0.6476340293884277,1.6175471544265747
0.9241870045661926,1.54017174243927
0.7877320051193237,1.5772603750228882
1.3055670261383057,1.4698151350021362
0.9107710719108582,1.5177969932556152
0.8699640035629272,1.7002722024917603
0.5743020176887512,1.5586200952529907
0.8599532246589661,1.5292807817459106
0.4775850176811218,1.6490037441253662
1.1080174446105957,1.527787208557129
1.2907249927520752,1.4835855960845947
0.8591579794883728,1.490822672843933
0.3058980107307434,1.6282769441604614
0.903901994228363,1.49183988571167
0.6352750062942505,1.4335424900054932
1.0234229564666748,1.401862382888794
0.6730669736862183,1.43659508228302
0.850479006767273,1.4277697801589966
0.5141969919204712,1.5469777584075928
1.5279566049575806,1.4197056293487549
4.094385623931885,1.6212489604949951
0.9952359795570374,2.1980581283569336
0.867044985294342,2.1316230297088623
1.1410560607910156,2.062941551208496
1.622257947921753,1.8658579587936401
1.9802048206329346,1.8115211725234985
1.3755470514297485,1.6428744792938232
1.8518649339675903,2.023876905441284
1.4209239482879639,1.6975185871124268
1.5891779661178589,2.206038236618042
1.6731994152069092,1.9125672578811646
2.123934030532837,2.2487149238586426
1.6484019756317139,2.5387516021728516
1.2047419548034668,2.308271646499634
0.7920839786529541,1.67313814163208
1.227027416229248,1.7579222917556763
1.226951003074646,1.757787823677063
1.131343960762024,1.774184226989746
1.252465009689331,1.728056788444519
1.1168919801712036,1.556114912033081
1.1223870515823364,1.8493130207061768
1.0401530265808105,1.7265819311141968
0.8091310262680054,1.7542470693588257
0.7681059837341309,1.4608938694000244
0.7982919812202454,1.7197716236114502
0.7666722536087036,1.6108521223068237
1.057360053062439,1.5522383451461792
0.8607699871063232,1.5411535501480103
1.0707770586013794,1.4739571809768677
0.5301510095596313,1.626176357269287
0.6604189872741699,1.4173645973205566
0.990917980670929,1.314228892326355
0.3561530113220215,1.3981761932373047
0.9618239402770996,1.3313093185424805
1.2448290586471558,1.352016568183899
0.8381230235099792,1.4620577096939087
0.9245989918708801,1.3754334449768066
0.8131660223007202,1.575568675994873
1.003061056137085,1.5495882034301758
0.8752340078353882,1.6058839559555054
0.7991399765014648,1.4967797994613647
0.8812961578369141,1.5186066627502441
1.0630801916122437,1.3846381902694702
0.9057049751281738,1.586077094078064
0.6909559965133667,1.619860053062439
1.355970025062561,1.5902963876724243
0.7572399973869324,1.7314937114715576
2.0437545776367188,1.5642223358154297
0.8576130270957947,1.7549235820770264
2.364957094192505,1.7121094465255737
4.1792311668396,2.0567574501037598
2.2335619926452637,2.802921772003174
0.8013390302658081,2.5364084243774414
0.8372840285301208,2.5227439403533936
0.8851529955863953,1.9431222677230835
0.9040349125862122,2.199242353439331
1.302939534187317,1.6074984073638916
0.7228699922561646,1.8440502882003784
0.8009120225906372,1.682339072227478
1.0329192876815796,1.5360560417175293
1.321628212928772,1.6292580366134644
0.9367759227752686,1.7091268301010132
0.7007700204849243,1.7157261371612549
0.7624319791793823,1.4137141704559326
1.1449389457702637,1.5644365549087524
0.7721610069274902,1.6529078483581543
0.8772150278091431,1.591322898864746
1.2435050010681152,1.5235824584960938
0.6381840109825134,1.4861555099487305
0.7468199729919434,1.5435138940811157
0.6839929819107056,1.5026638507843018
1.4195051193237305,1.519949197769165
0.6141470074653625,1.5184144973754883
0.7347676753997803,1.5855650901794434
0.6770560145378113,1.488349437713623
1.0740269422531128,1.4352890253067017
0.6156389713287354,1.5826635360717773
0.9692379832267761,1.4346305131912231
0.9916120767593384,1.3722951412200928
0.8089560270309448,1.4225525856018066
2.4351439476013184,1.5728894472122192
0.8223479986190796,1.713480830192566
0.5938220024108887,1.780108094215393
0.5762249827384949,1.717160940170288
0.42242398858070374,1.6251342296600342
0.6765879988670349,1.42267906665802
0.5520349740982056,1.4598642587661743
0.9015229940414429,1.3225091695785522
0.7489960193634033,1.3637536764144897
0.8627583980560303,1.5047820806503296
0.9480750560760498,1.503233790397644
1.0556138753890991,1.4932125806808472
1.9700199365615845,1.4067285060882568
0.9391199350357056,1.6559990644454956
1.0090429782867432,1.787963628768921
0.7824029922485352,1.363287329673767
1.0162650346755981,1.4206171035766602
0.8782749772071838,1.6729011535644531
0.7353619933128357,1.726609468460083
1.1099909543991089,1.4646751880645752
0.7727199792861938,1.4283387660980225
1.1649819612503052,1.5594310760498047
0.7157210111618042,1.5660320520401
1.475479006767273,1.5789744853973389
0.8354520201683044,1.5859531164169312
0.734466016292572,1.6551458835601807
0.786192774772644,1.3486695289611816
1.1434650421142578,1.4869951009750366
0.9246990084648132,1.514335036277771
2.9587645530700684,1.6632249355316162
2.138324022293091,2.1124117374420166
2.0387120246887207,1.9890460968017578
1.4802099466323853,2.107942819595337
0.9367650151252747,2.146522045135498
1.7159397602081299,1.790637731552124
1.0014020204544067,2.3330881595611572
0.8896229267120361,2.027552366256714
0.7492939829826355,1.8866885900497437
1.11518394947052,1.6930670738220215
0.945781946182251,1.6514065265655518
0.645218014717102,1.6864001750946045
1.1648420095443726,1.6105632781982422
1.2443510293960571,1.480080485343933
0.904511034488678,1.599048376083374
0.5575259923934937,1.6007921695709229
0.5778343677520752,1.4552793502807617
0.7199835777282715,1.441228985786438
0.7607790231704712,1.5439327955245972
0.540440022945404,1.439276933670044
0.800967276096344,1.3870048522949219
0.7710149884223938,1.438759446144104
0.6709719896316528,1.3882595300674438
2.768970489501953,1.3548036813735962
3.0861330032348633,1.8105226755142212
1.1163580417633057,2.155322790145874
1.0182609558105469,2.246209144592285
0.7442610263824463,2.139407157897949
1.114386796951294,1.7855316400527954
1.3805164098739624,1.8622671365737915
1.2290984392166138,1.7910054922103882
1.5732389688491821,1.8005071878433228
1.2455979585647583,1.9290904998779297
0.8298619985580444,1.5976877212524414
0.5376980304718018,1.8374508619308472
0.8593800067901611,1.7502398490905762
0.7949647903442383,1.5646705627441406
0.8122889995574951,1.5712230205535889
1.209460973739624,1.2775709629058838
1.0436110496520996,1.6007370948791504
0.9914459586143494,1.3958618640899658
1.3776459693908691,1.7318379878997803
0.7495359778404236,1.6858282089233398
0.7549669742584229,1.53208589553833
0.8522210121154785,1.6009541749954224
1.3126280307769775,1.6208020448684692
0.9499999284744263,1.6967891454696655
0.8433979749679565,1.7822026014328003
0.6329939961433411,1.6229422092437744
0.6848490238189697,1.5788213014602661
0.8296039700508118,1.4492019414901733
1.1177760362625122,1.3470290899276733
1.06051504611969,1.3740370273590088
0.9966710209846497,1.5711301565170288
0.6726049780845642,1.5001893043518066
0.8499810099601746,1.4796305894851685
0.7929700016975403,1.525072455406189
0.7509549856185913,1.497295618057251
0.9556260704994202,1.4656314849853516
0.6085839867591858,1.5840286016464233
0.778249979019165,1.411617398262024
0.5098140239715576,1.2735424041748047
0.6364319920539856,1.4382414817810059
0.6015599966049194,1.3895632028579712
0.6556333899497986,1.2657550573349
0.6385549902915955,1.4127130508422852
0.8762890100479126,1.2421555519104004
0.7967479825019836,1.4333878755569458
0.6824830174446106,1.4431723356246948
0.8025500178337097,1.5304423570632935
0.7950311899185181,1.4847288131713867
1.5848970413208008,1.4421277046203613
1.0174859762191772,1.653617024421692
0.9177780151367188,1.5739167928695679
1.2302210330963135,1.6829512119293213
1.0278990268707275,1.7304672002792358
0.9125559329986572,1.662099838256836
0.7935979962348938,1.6959073543548584
1.03043794631958,1.5851199626922607
0.5325379967689514,1.558876395225525
0.6127780079841614,1.3919789791107178
0.8741289973258972,1.5097986459732056
0.3667230010032654,1.3699020147323608
0.739175021648407,1.3461546897888184
0.5604230165481567,1.4012097120285034
0.7758178114891052,1.3401437997817993
0.8102909922599792,1.2761247158050537
0.6437510251998901,1.3954678773880005
0.7236457467079163,1.4143732786178589
0.9113870859146118,1.1979087591171265
0.6627830266952515,1.3238099813461304
1.0020359754562378,1.4399901628494263
0.8224419951438904,1.431855320930481
1.0305769443511963,1.4972658157348633
0.6781139969825745,1.6116700172424316
0.5333459973335266,1.4750503301620483
0.3209959864616394,1.4639769792556763
0.7608630061149597,1.2665352821350098
0.7439860105514526,1.3500404357910156
0.5468400120735168,1.247477412223816
0.7004669904708862,1.3129397630691528
0.8356525897979736,1.2782297134399414
1.2742589712142944,1.4862257242202759
0.8934450149536133,1.5872294902801514
0.6211659908294678,1.411586880683899
0.7900159955024719,1.4900730848312378
1.0674949884414673,1.2961668968200684
0.6698009967803955,1.5083355903625488
1.2656949758529663,1.4541032314300537
0.6380620002746582,1.4628371000289917
0.9348030686378479,1.6316159963607788
0.8006410002708435,1.4698493480682373
1.0857089757919312,1.4310365915298462
0.3527039885520935,1.6183390617370605
0.5883709788322449,1.4304838180541992
0.4875420033931732,1.4825260639190674
0.4636880159378052,1.2144551277160645
0.36370399594306946,1.233574628829956
0.8750243186950684,1.16483736038208
0.6435279846191406,1.3719779253005981
0.48341304063796997,1.2997872829437256
0.21208900213241577,1.301048994064331
0.4560469686985016,1.2524564266204834
0.43679100275039673,1.3990715742111206
0.723880410194397,1.1557285785675049
0.556069016456604,1.3507062196731567
0.47484299540519714,1.271384358406067
0.2674640119075775,1.3430874347686768
0.9588437080383301,1.1860896348953247
0.7868980169296265,1.3301994800567627
1.7943609952926636,1.3577101230621338
1.3376779556274414,1.6228424310684204
1.210453987121582,1.5619088411331177
0.5654799938201904,1.860813856124878
0.4008429944515228,1.6557179689407349
0.27276548743247986,1.4965699911117554
0.5836449861526489,1.3853636980056763
0.8533802628517151,1.2862776517868042
0.8660610318183899,1.468900442123413
1.1583499908447266,1.4331492185592651
0.7764859795570374,1.581685185432434
1.0688070058822632,1.4173047542572021
0.5888479948043823,1.6396005153656006
1.588868498802185,1.429200291633606
0.4327859878540039,1.6535145044326782
0.399603009223938,1.528908371925354
0.5545349717140198,1.477043867111206
0.6221979856491089,1.3772085905075073
1.1495519876480103,1.3327207565307617
1.1212600469589233,1.5183945894241333
0.977645993232727,1.5465433597564697
1.7327419519424438,1.5730434656143188
2.3027079105377197,1.7659275531768799
1.0534770488739014,2.1113364696502686
0.796280026435852,1.7426708936691284
0.5203329920768738,1.8852142095565796
0.610480010509491,1.5626388788223267
0.44530579447746277,1.6287672519683838
0.6522138714790344,1.3332668542861938
1.1755411624908447,1.386488437652588
1.032202124595642,1.5169233083724976
0.7193930149078369,1.5940673351287842
0.8200139999389648,1.5044426918029785
0.9497330188751221,1.4243934154510498
1.0391149520874023,1.5394387245178223
0.5883830189704895,1.4723124504089355
0.9508559703826904,1.3897637128829956
0.5277600288391113,1.5076904296875
0.7736063003540039,1.3648382425308228
0.9703559875488281,1.4605497121810913
1.38388991355896,1.412402629852295
0.7795230150222778,1.6561260223388672
0.6069999933242798,1.550437092781067
0.46605703234672546,1.4722692966461182
0.9455270171165466,1.371717929840088
0.6238729953765869,1.31321382522583
0.3923240005970001,1.5467156171798706
0.515654981136322,1.3563741445541382
0.9679386019706726,1.3521173000335693
1.3565659523010254,1.3758221864700317
0.9072689414024353,1.543148159980774
0.8162760138511658,1.6211943626403809
2.4798669815063477,1.4692494869232178
1.133080005645752,1.824392557144165
1.045583963394165,1.9598052501678467
0.8474370241165161,1.8221179246902466
1.5365229845046997,1.7923756837844849
0.9008989930152893,1.7650659084320068
0.4812009632587433,1.831252932548523
0.8572540283203125,1.5870609283447266
0.8617479801177979,1.5816806554794312
1.008694052696228,1.476667046546936
1.1277270317077637,1.693034052848816
0.7795569896697998,1.52442467212677
0.9895502924919128,1.5492128133773804
0.8363329768180847,1.6136873960494995
0.9099559187889099,1.363312840461731
0.5511059761047363,1.5940451622009277
1.2397643327713013,1.4936121702194214
1.211838960647583,1.6528663635253906
1.3799819946289062,1.662341594696045
1.1484609842300415,1.5983504056930542
0.7663900256156921,1.767866849899292
0.9660840034484863,1.4627410173416138
0.8156750202178955,1.8159205913543701
1.14227294921875,1.6396211385726929
1.2994799613952637,1.7150214910507202
0.858331024646759,1.7782503366470337
0.714946985244751,1.6558548212051392
0.8764400482177734,1.575348138809204
0.8305460214614868,1.5356239080429077
0.8535240292549133,1.4586516618728638
0.9092410206794739,1.522716760635376
0.5202720165252686,1.6443471908569336
0.741104006767273,1.3314117193222046
0.5853319764137268,1.3980364799499512
0.5047770142555237,1.4387120008468628
0.5519493222236633,1.2804412841796875
0.9697519540786743,1.2595690488815308
1.1165159940719604,1.3304442167282104
1.0498449802398682,1.474310040473938
0.6342629790306091,1.5642999410629272
0.5644329786300659,1.3948177099227905
0.9184709191322327,1.4130908250808716
0.9593539834022522,1.476226806640625
0.5984159708023071,1.5116667747497559
0.9383449554443359,1.4385958909988403
0.45422500371932983,1.5023610591888428
0.7079470157623291,1.3970764875411987
0.3876500129699707,1.4641203880310059
0.4484339952468872,1.3154839277267456
0.8405709862709045,1.3326444625854492
0.5337110161781311,1.4133061170578003
0.7211350202560425,1.2748631238937378
0.5215386152267456,1.3759820461273193
0.7050759792327881,1.27275812625885
0.6405649781227112,1.3335808515548706
0.5168589949607849,1.3550533056259155
1.6604094505310059,1.3277357816696167
2.4653079509735107,1.5945760011672974
1.622156023979187,1.858453392982483
1.8662701845169067,2.079310894012451
3.6235361099243164,2.3087944984436035
0.7948709726333618,2.373487949371338
0.9065990447998047,2.000922441482544
0.8571879863739014,1.5795471668243408
0.7756379842758179,2.0310425758361816
0.7006700038909912,1.552833080291748
0.644340991973877,1.7398765087127686
0.757955014705658,1.529014229774475
0.5499600172042847,1.478642463684082
0.4964669942855835,1.2803587913513184
1.3676775693893433,1.4127154350280762
1.397894024848938,1.535853385925293
0.8148130178451538,1.7529996633529663
1.2788989543914795,1.5397396087646484
0.8623980283737183,1.66653311252594
1.093865990638733,1.6356029510498047
0.8134710192680359,1.4053876399993896
1.4666870832443237,1.6540898084640503
0.9060310125350952,1.6575313806533813
0.7652140259742737,1.7518880367279053
1.3110339641571045,1.6484043598175049
0.7892500162124634,1.7082993984222412
1.4749020338058472,1.6804065704345703
0.916784942150116,1.8166630268096924
1.1861400604248047,1.599706768989563
1.4113919734954834,1.5267046689987183
2.0924720764160156,1.8291250467300415
0.7189220190048218,2.007096290588379
1.301861047744751,1.732051968574524
1.268974781036377,1.8655049800872803
1.2219970226287842,1.7082650661468506
0.9061110019683838,1.9739657640457153
1.0788739919662476,1.7214633226394653
1.0280250310897827,1.730469822883606
0.7863690257072449,1.7865355014801025
1.2768529653549194,1.5266069173812866
0.7093420028686523,1.7163373231887817
0.5201929807662964,1.6610559225082397
0.5645610094070435,1.5734646320343018
0.9855200052261353,1.4753004312515259
1.0928419828414917,1.4610377550125122
0.478689968585968,1.5349411964416504
0.39550599455833435,1.3802133798599243
1.8507031202316284,1.364722728729248
1.195796012878418,1.5930982828140259
1.7025108337402344,1.6756670475006104
2.9983510971069336,1.6661685705184937
2.407080888748169,2.357178211212158
2.5859439373016357,2.2405622005462646
2.2338390350341797,2.731571912765503
1.6557730436325073,2.7671351432800293
1.43061101436615,2.1109671592712402
0.8921740651130676,2.6486928462982178
1.2316969633102417,2.210737943649292
0.8955079317092896,1.933645486831665
1.602033019065857,1.6110572814941406
1.5853990316390991,1.3936740159988403
1.2320599555969238,2.0137453079223633
1.2103710174560547,1.8168104887008667
1.2421410083770752,1.842081904411316
0.9857039451599121,1.873148798942566
0.7289689779281616,1.7238606214523315
0.6761519908905029,1.6664379835128784
1.07157301902771,1.608888030052185
0.9457439184188843,1.5157345533370972
0.43763700127601624,1.4673500061035156
0.5141820311546326,1.4298906326293945
0.3387190103530884,1.366458535194397
0.7144280076026917,1.412208080291748
0.4996199905872345,1.2783116102218628
0.791737973690033,1.3144676685333252
0.8646243214607239,1.4385672807693481
0.6024960279464722,1.448620319366455
1.2600699663162231,1.352508306503296
1.0123399496078491,1.525697946548462
1.0045289993286133,1.6158310174942017
0.6310235261917114,1.6836847066879272
1.141221046447754,1.5334328413009644
0.5426099896430969,1.6201425790786743
0.8547459840774536,1.5372873544692993
0.7744219899177551,1.4950851202011108
0.30843400955200195,1.4047939777374268
0.8376209735870361,1.3002948760986328
0.7293469905853271,1.3797695636749268
0.7503905892372131,1.5203317403793335
1.1348220109939575,1.3542417287826538
1.614240050315857,1.544142723083496
1.2447930574417114,1.6726081371307373
0.7141630053520203,1.7453086376190186
0.7293040156364441,1.457709789276123
0.6486989855766296,1.5935858488082886
0.34279900789260864,1.617583155632019
0.38618600368499756,1.4602530002593994
0.6366299986839294,1.323211908340454
0.39904800057411194,1.2874000072479248
0.41788598895072937,1.2167030572891235
1.103790521621704,1.1910849809646606
0.6956189870834351,1.2955378293991089
0.807013988494873,1.40554678440094
0.5947690010070801,1.461242914199829
1.1076079607009888,1.4135187864303589
0.9713580012321472,1.5028268098831177
0.7170349955558777,1.539422631263733
0.6764810085296631,1.4370083808898926
1.6877729892730713,1.5289031267166138
0.9907569885253906,1.7390977144241333
0.8082039952278137,1.5096161365509033
1.0877189636230469,1.5677099227905273
1.564818024635315,1.6339094638824463
0.6673809885978699,1.6970919370651245
1.2564899921417236,1.7900002002716064
1.091886043548584,1.7787394523620605
0.7375509738922119,1.488120436668396
0.6224380135536194,1.5197712182998657
0.8364729881286621,1.5884062051773071
0.577426016330719,1.4681751728057861
1.0157610177993774,1.4230525493621826
1.106158971786499,1.482684850692749
0.6945540308952332,1.3705592155456543
1.130903959274292,1.5743387937545776
0.95182204246521,1.6893181800842285
0.7524570226669312,1.570305585861206
0.5585229992866516,1.5400365591049194
1.4158363342285156,1.4937350749969482
1.8552981615066528,1.6832752227783203
0.7845479846000671,1.7518503665924072
0.8210539817810059,1.7066067457199097
0.5835890173912048,1.2993879318237305
0.835972011089325,1.6988221406936646
2.1846630573272705,1.5878597497940063
0.6805480122566223,1.9215033054351807
1.2389049530029297,1.6420482397079468
1.0303280353546143,1.808698296546936
0.7914109826087952,1.7864278554916382
0.8423720002174377,1.6673502922058105
0.4464710056781769,1.6526830196380615
0.5589337944984436,1.4199752807617188
0.7099329829216003,1.3639119863510132
0.7334340214729309,1.4168168306350708
0.7833399772644043,1.4809144735336304
0.8426809906959534,1.3799337148666382
1.0997610092163086,1.5114179849624634
0.8706315755844116,1.5008419752120972
0.5862460136413574,1.5214991569519043
0.8863990306854248,1.4560163021087646
1.0193990468978882,1.5265192985534668
0.849361002445221,1.5655075311660767
1.0106669664382935,1.4402600526809692
1.3315160274505615,1.5126924514770508
1.2150089740753174,1.6987310647964478
1.6455910205841064,1.5573992729187012
0.9708779454231262,1.8030993938446045
1.4112720489501953,1.593131422996521
0.7953929901123047,1.8068761825561523
1.0463310480117798,1.8219099044799805
0.8879339694976807,1.7825367450714111
0.8349300026893616,1.7222092151641846
0.98471999168396,1.585009217262268
1.0903940200805664,1.500487208366394
0.49016499519348145,1.6403076648712158
0.6141669750213623,1.566998839378357
0.6314740180969238,1.5630158185958862
0.8252440094947815,1.4025436639785767
1.0514509677886963,1.4487162828445435
1.0471149682998657,1.5220701694488525
0.39214301109313965,1.4643917083740234
0.46951502561569214,1.3780651092529297
0.7720900177955627,1.3447121381759644
0.7520099878311157,1.4372578859329224
0.687739372253418,1.3886398077011108
0.6718119978904724,1.4308444261550903
1.185933232307434,1.3144639730453491
0.6571980118751526,1.469687581062317
0.8213180303573608,1.4009209871292114
0.7795739769935608,1.552948236465454
1.030122995376587,1.4737796783447266
0.6211889982223511,1.5919435024261475
0.8660820126533508,1.5099326372146606
0.9608931541442871,1.5666999816894531
0.67603999376297,1.4856160879135132
0.7402380108833313,1.3289482593536377
0.5984709858894348,1.5010329484939575
0.6151059865951538,1.4592443704605103
0.9358735084533691,1.480983853340149
0.581824779510498,1.5090903043746948
0.7156659960746765,1.4083361625671387
0.6529520153999329,1.3883812427520752
0.9700022339820862,1.5193705558776855
0.7834500074386597,1.4218586683273315
0.7448130249977112,1.4328187704086304
0.8276180028915405,1.3805592060089111
0.8943400979042053,1.486417293548584
2.505017042160034,1.4081240892410278
1.6207120418548584,1.9306052923202515
1.4175859689712524,2.005587577819824
1.0498720407485962,1.8415460586547852
1.226507544517517,2.089301586151123
1.0431790351867676,1.822041392326355
0.9694439768791199,1.888629674911499
0.819225013256073,1.7335163354873657
0.8129550218582153,1.6452388763427734
0.6712080240249634,1.663002371788025
0.5289899706840515,1.5629065036773682
0.34619301557540894,1.3488385677337646
0.4789489805698395,1.2856320142745972
1.153810977935791,1.2619056701660156
0.9671270847320557,1.4125125408172607
0.7845839858055115,1.430477499961853
0.4701859951019287,1.515565037727356
0.5632782578468323,1.3695025444030762
0.24162399768829346,1.4128870964050293
0.27098599076271057,1.1276978254318237
0.1994680017232895,1.2230796813964844
0.13271699845790863,1.1559761762619019
0.4732620120048523,1.0082707405090332
0.6585559844970703,1.1002482175827026
0.9621880054473877,1.2009254693984985
0.5111979842185974,1.4499441385269165
0.9829789400100708,1.330159068107605
0.9100099205970764,1.3703670501708984
1.026576042175293,1.3835152387619019
0.830938994884491,1.4910534620285034
0.9651919603347778,1.5916435718536377
1.0005439519882202,1.4337152242660522
1.9831851720809937,1.5959632396697998
1.2748550176620483,1.6078239679336548
1.2865259647369385,1.8225891590118408
1.3822449445724487,1.779700517654419
1.7369240522384644,1.9870946407318115
1.2576680183410645,2.0709517002105713
0.7533379793167114,2.0289595127105713
1.0849089622497559,1.6115144491195679
1.0624940395355225,1.7292768955230713
0.7787629961967468,1.7951980829238892
0.8256469964981079,1.644439697265625
0.9891829490661621,1.5562485456466675
1.4180920124053955,1.4043928384780884
1.1516779661178589,1.7380211353302002
1.250364065170288,1.4538600444793701
0.8794019818305969,1.5763589143753052
1.0894230604171753,1.6292279958724976
1.8090629577636719,1.6300768852233887
0.8687390089035034,1.8763971328735352
0.8521729707717896,1.5747699737548828
1.307837963104248,1.689782738685608
1.2625759840011597,1.6114733219146729
0.760155975818634,1.7514684200286865
1.0698870420455933,1.7028895616531372
0.8579840064048767,1.6938129663467407
1.1493239402770996,1.462640643119812
1.0671429634094238,1.6830283403396606
0.7400619983673096,1.7446789741516113
0.6799880266189575,1.7131839990615845
0.7323921322822571,1.5481956005096436
0.8352749943733215,1.4373358488082886
0.6000829935073853,1.5011340379714966
1.0105639696121216,1.363097071647644
0.7613970041275024,1.5034360885620117
0.7260069847106934,1.5159393548965454
1.0643240213394165,1.3336706161499023
0.5901079773902893,1.3788783550262451
0.7744659781455994,1.5162400007247925
0.7406870126724243,1.4705684185028076
0.8908360004425049,1.3592549562454224
0.7620100975036621,1.467254877090454
0.7774500250816345,1.462504267692566
0.5811070203781128,1.5641156435012817
0.7908779978752136,1.3922462463378906
0.8903719782829285,1.4140130281448364
0.7882059812545776,1.426963210105896
0.7301949858665466,1.329054594039917
0.924893319606781,1.4166239500045776
1.2655869722366333,1.4864853620529175
0.7884140014648438,1.5071061849594116
0.9180610179901123,1.476014494895935
0.6569269895553589,1.5797289609909058
0.825268030166626,1.4868261814117432
0.42572298645973206,1.5023229122161865
0.9114630222320557,1.375557780265808
0.7238519787788391,1.4492095708847046
0.9657319188117981,1.4017075300216675
0.7194200158119202,1.306624174118042
0.7146480083465576,1.4097623825073242
0.6188799738883972,1.435971736907959
0.8502969741821289,1.3614792823791504
0.6113014817237854,1.4183776378631592
0.8405809998512268,1.3892391920089722
0.5909900069236755,1.447880506515503
1.1918078660964966,1.4711190462112427
1.0724780559539795,1.509268879890442
0.7976800203323364,1.544906497001648
0.7140370011329651,1.497389316558838
0.8885610699653625,1.599449634552002
0.7367290258407593,1.4812854528427124
0.9655410051345825,1.3960442543029785
0.8569459915161133,1.5375385284423828
0.5838339924812317,1.5128672122955322
3.0475621223449707,1.4274065494537354
0.8865389823913574,1.9373579025268555
1.1864609718322754,1.7493433952331543
0.8750730156898499,1.9271421432495117
1.1119730472564697,1.802168369293213
0.6929270029067993,1.5657285451889038
0.5632749795913696,1.4693944454193115
0.5519689917564392,1.5421350002288818
0.9211350083351135,1.341006875038147
0.5465030074119568,1.39265775680542
0.9997850656509399,1.365635871887207
0.7512239813804626,1.4962999820709229
0.8402569890022278,1.5134774446487427
0.7843149900436401,1.4564229249954224
0.5915480256080627,1.512413501739502
0.6109840273857117,1.430320143699646
0.9328789710998535,1.34701406955719
0.799202024936676,1.5013420581817627
0.9833549857139587,1.525405764579773
0.5405290126800537,1.4844039678573608
1.0936700105667114,1.4219574928283691
0.9266330003738403,1.4416548013687134
0.7972419857978821,1.618252158164978
0.589605987071991,1.4646128416061401
0.7799540162086487,1.4955288171768188
0.5182790160179138,1.3771286010742188
0.7263879776000977,1.384270429611206
0.621636688709259,1.3539717197418213
0.8810679912567139,1.3667563199996948
0.7315016984939575,1.3357993364334106
0.9703850150108337,1.4870845079421997
0.8715350031852722,1.4746060371398926
0.550574004650116,1.4684381484985352
0.25762999057769775,1.2908397912979126
0.6952109932899475,1.4171550273895264
0.35474300384521484,1.2165621519088745
1.308350920677185,1.3021854162216187
1.4247100353240967,1.3020002841949463
2.422243118286133,1.513688087463379
1.5880931615829468,1.9116212129592896
2.882889986038208,1.7508151531219482
1.5108100175857544,2.3187179565429688
0.5103110074996948,2.2433698177337646
0.6637499928474426,2.046480417251587
0.5865659713745117,1.8830573558807373
0.9182999730110168,1.7437199354171753
1.1263630390167236,1.6732666492462158
0.9455380439758301,1.61593496799469
0.7979699969291687,1.6256486177444458
0.8895260691642761,1.6110092401504517
0.5017459988594055,1.4567537307739258
0.7889080047607422,1.442071795463562
0.5571460127830505,1.5350925922393799
0.8079270124435425,1.3336875438690186
0.7382910251617432,1.4704636335372925
0.6742079854011536,1.3551890850067139
0.8787713646888733,1.4640276432037354
0.7401880025863647,1.4595597982406616
0.8886500000953674,1.4503122568130493
0.7983270287513733,1.3336749076843262
0.5137799978256226,1.5095596313476562
0.7760372757911682,1.3965654373168945
0.8528280258178711,1.4496768712997437
0.7851629853248596,1.4740082025527954
0.8431609869003296,1.4094772338867188
1.02479887008667,1.4521757364273071
0.804427981376648,1.6327135562896729
0.8841310143470764,1.544395089149475
0.3615649938583374,1.4686996936798096
1.171491026878357,1.5687229633331299
0.4477909803390503,1.571410059928894
0.7665730118751526,1.3447474241256714
0.7735599875450134,1.2688255310058594
1.0548230409622192,1.4137309789657593
0.7843300104141235,1.380410075187683
1.0342509746551514,1.4543460607528687
1.096979022026062,1.6265417337417603
0.7633029818534851,1.572166085243225
0.5883730053901672,1.6094019412994385
0.6365630030632019,1.4278055429458618
0.5750700235366821,1.3844552040100098
0.5399640202522278,1.4138416051864624
1.3246711492538452,1.385015606880188
0.8178460001945496,1.4692566394805908
0.6359609961509705,1.4976919889450073
0.8135920166969299,1.5429731607437134
0.9872140288352966,1.3751248121261597
0.9839290380477905,1.5503365993499756
0.5904790163040161,1.5623745918273926
0.8986789584159851,1.511418342590332
0.626800000667572,1.459043264389038
0.6926850080490112,1.5559359788894653
0.5757049918174744,1.4890216588974
0.676468014717102,1.3736543655395508
0.8279470205307007,1.3253109455108643
0.6547859907150269,1.4069089889526367
1.0858155488967896,1.4226125478744507
0.8509550094604492,1.4661332368850708
0.887935996055603,1.4891523122787476
0.6557850241661072,1.4077812433242798
0.6597809791564941,1.4979310035705566
0.8856279850006104,1.3563891649246216
0.7502999901771545,1.579747200012207
0.9303160309791565,1.5720820426940918
0.7259460091590881,1.5406073331832886
0.7123904824256897,1.3547799587249756
0.93265700340271,1.476831078529358
0.6544970273971558,1.53670072555542
0.4987269639968872,1.4201420545578003
0.9782410264015198,1.4610062837600708
0.5593240261077881,1.3574042320251465
0.873399019241333,1.4588385820388794
0.6232500076293945,1.3460047245025635
0.6319249868392944,1.4762970209121704
0.8335350155830383,1.2770671844482422
0.8613430261611938,1.4559473991394043
1.0360130071640015,1.3754186630249023
0.6160370111465454,1.6042770147323608
0.9874529242515564,1.4479068517684937
0.6686739921569824,1.519739031791687
0.6455339789390564,1.4334373474121094
1.0070300102233887,1.5207334756851196
0.7763000130653381,1.471550703048706
0.9358489513397217,1.4455994367599487
0.6626719832420349,1.4666938781738281
1.1133519411087036,1.504960536956787
0.5495319962501526,1.5781456232070923
0.9273632764816284,1.5278249979019165
0.8215330243110657,1.5254262685775757
0.9193540811538696,1.5587213039398193
0.689985990524292,1.552896499633789
0.649773895740509,1.3661643266677856
0.9705050587654114,1.4624581336975098
0.8034440279006958,1.39998197555542
0.8920990824699402,1.358536720275879
0.7462270259857178,1.4949835538864136
1.4954074621200562,1.5483978986740112
0.7597569823265076,1.607208490371704
0.9677280187606812,1.713487982749939
1.1260110139846802,1.6347681283950806
0.7641419768333435,1.7868403196334839
1.4238189458847046,1.390342354774475
0.8309190273284912,1.5005971193313599
0.5316870212554932,1.5480289459228516
0.6942920088768005,1.4342403411865234
1.097100019454956,1.4815281629562378
0.862371027469635,1.486092209815979
0.9711960554122925,1.595969319343567
0.7501904964447021,1.468246340751648
0.5659890174865723,1.3720452785491943
0.7235890030860901,1.444144368171692
1.0888769626617432,1.373573899269104
0.2614549994468689,1.4746612310409546
0.19231680035591125,1.3488543033599854
0.20483900606632233,1.4338078498840332
0.37529999017715454,1.0845634937286377
0.18789100646972656,1.2277848720550537
0.4178839921951294,1.2092704772949219
0.6128349900245667,1.0249829292297363
0.48221004009246826,1.0515475273132324
0.813664972782135,1.1526215076446533
0.8997990489006042,1.2375763654708862
0.7667459845542908,1.4538666009902954
0.6762999892234802,1.501675009727478
0.9804093241691589,1.4086915254592896
1.0755330324172974,1.3778197765350342
0.6459739804267883,1.4342817068099976
0.7601699829101562,1.5389769077301025
0.8707180023193359,1.4979913234710693
1.0455570220947266,1.4228688478469849
0.4832339882850647,1.5736017227172852
1.085988998413086,1.411709189414978
0.7320979833602905,1.5459322929382324
0.7128990292549133,1.4800782203674316
1.0453890562057495,1.5323785543441772
0.7359200119972229,1.5741121768951416
0.8956930041313171,1.4939671754837036
0.874550998210907,1.4006658792495728
0.9237470030784607,1.4132038354873657
0.9997780323028564,1.57814359664917
1.7395340204238892,1.5611647367477417
0.8107889890670776,1.85625159740448
0.7049050331115723,1.7045611143112183
0.8328269720077515,1.656644344329834
0.8276600241661072,1.531514286994934
0.8953109383583069,1.5301083326339722
1.459501028060913,1.6422779560089111
1.1795190572738647,1.5486599206924438
1.443411946296692,1.589035987854004
1.3067350387573242,1.6642544269561768
0.7634999752044678,1.8641107082366943
1.1451480388641357,1.7361836433410645
0.7253450155258179,1.371885895729065
0.763359010219574,1.6042920351028442
0.6174820065498352,1.657952904701233
1.0293229818344116,1.6060582399368286
1.3020559549331665,1.6356518268585205
3.1641249656677246,1.5985338687896729
0.9734439849853516,2.2337419986724854
1.2296710014343262,1.8620115518569946
0.7441530227661133,1.8030153512954712
1.0630340576171875,1.967037558555603
1.1238720417022705,1.8505336046218872
0.8984769582748413,1.6036486625671387
0.7175139784812927,1.6132328510284424
0.5367509722709656,1.617475152015686
1.1754430532455444,1.5143773555755615
1.1010489463806152,1.4296625852584839
0.5734490156173706,1.5730719566345215
1.4311449527740479,1.5259358882904053
1.0377949476242065,1.6478947401046753
0.6568620204925537,1.3921555280685425
1.0749080181121826,1.6309027671813965
1.385972023010254,1.4853765964508057
1.0048049688339233,1.7107343673706055
1.6095399856567383,1.6661832332611084
2.8175759315490723,1.7092469930648804
1.9625624418258667,2.0552775859832764
1.2797520160675049,2.434112310409546
1.9953300952911377,1.9263076782226562
2.033385992050171,1.951202392578125
1.3074439764022827,1.8737740516662598
1.6112580299377441,2.070291519165039
2.0402181148529053,2.241819143295288
2.1832449436187744,2.023773670196533
1.351415991783142,2.459977388381958
0.7242180109024048,2.200417995452881
1.363389015197754,2.0395448207855225
1.5268089771270752,2.1402900218963623
1.7840195894241333,1.5815999507904053
1.1035970449447632,1.8210678100585938
1.7630079984664917,2.057830810546875
1.1575490236282349,1.992519736289978
1.1533260345458984,2.0491926670074463
2.3628110885620117,1.8438286781311035
2.5807878971099854,2.209575891494751
1.2421469688415527,1.9888478517532349
1.7128210067749023,2.1980974674224854
0.6676509976387024,1.865620732307434
0.8271329998970032,1.8367550373077393
0.9642648100852966,1.7649805545806885
1.3941617012023926,1.8518975973129272
0.7584049701690674,1.6448923349380493
0.6900759935379028,1.6225630044937134
0.6740249991416931,1.6003594398498535
0.8615220189094543,1.5447906255722046
0.7907469868659973,1.5445681810379028
0.7285000085830688,1.3426387310028076
0.24119801819324493,1.436597228050232
0.33546000719070435,1.409529685974121
0.5912460088729858,1.250357747077942
1.0584269762039185,1.2269142866134644
0.7669919729232788,1.3596805334091187
0.5881239771842957,1.2551497220993042
0.5922303199768066,1.3227193355560303
0.8753510117530823,1.4749397039413452
0.703827977180481,1.4151862859725952
0.5677499771118164,1.4389100074768066
0.7133870124816895,1.4285259246826172
1.0775059461593628,1.4265143871307373
0.6909419894218445,1.4698152542114258
0.772458016872406,1.3051003217697144
0.7237120270729065,1.4575142860412598
0.9752489924430847,1.4592154026031494
0.9151769280433655,1.4535938501358032
0.7574009895324707,1.5654014348983765
0.6912069916725159,1.6258517503738403
1.183527946472168,1.5172853469848633
0.7705749869346619,1.6417925357818604
0.8947700262069702,1.4836206436157227
0.6143350005149841,1.6041736602783203
0.7692319750785828,1.3699274063110352
0.907075047492981,1.4331520795822144
0.4068099856376648,1.5040271282196045
0.5138880014419556,1.3764514923095703
0.24814699590206146,1.478398084640503
0.25687599182128906,1.2868160009384155
0.598065972328186,1.351879358291626
0.5981699824333191,1.118382453918457
0.8801140189170837,1.1750149726867676
1.085649013519287,1.3294175863265991
0.9920129179954529,1.4114652872085571
0.8743849992752075,1.5088210105895996
0.8770260214805603,1.5736666917800903
1.008928894996643,1.517748475074768
0.8088759779930115,1.6122796535491943
0.6714209914207458,1.5751875638961792
0.7449629902839661,1.426285982131958
0.694267988204956,1.4093763828277588
1.001886010169983,1.361419439315796
0.7935580015182495,1.4546715021133423
0.8450049161911011,1.5343185663223267
0.8031240105628967,1.5339999198913574
0.574446976184845,1.503625512123108
0.5679720044136047,1.3864154815673828
0.4538080096244812,1.4691040515899658
0.8494881391525269,1.4158587455749512
0.4064599871635437,1.38210928440094
0.24535199999809265,1.3615164756774902
2.3232181072235107,1.2423627376556396
2.0271155834198,1.6674550771713257
1.5811179876327515,1.8163740634918213
1.7270499467849731,1.823715090751648
1.1506420373916626,2.0384366512298584
1.6079339981079102,1.9817177057266235
1.3312339782714844,2.0307209491729736
1.221642017364502,1.8174338340759277
1.583541989326477,1.6793118715286255
1.6086621284484863,1.7577112913131714
2.1856539249420166,1.9765015840530396
2.9895598888397217,1.9806939363479614
