actual,predict
0.7274609804153442,1.9654476642608643
0.7892770171165466,1.7054821252822876
0.6237750053405762,1.8033591508865356
0.6914690136909485,1.949110507965088
0.855771005153656,1.677938461303711
0.7093830108642578,2.0356786251068115
1.0145479440689087,1.854380488395691
1.1157310009002686,1.7660757303237915
0.41828301548957825,1.9653149843215942
1.0022809505462646,1.5660661458969116
1.2188609838485718,2.0224356651306152
1.1432960033416748,2.2935287952423096
0.6528189778327942,2.1495649814605713
0.6746559739112854,1.9705215692520142
0.6009536385536194,1.9497538805007935
0.6694570183753967,1.8564577102661133
0.6538079977035522,1.716408133506775
0.7814120054244995,1.5715904235839844
1.2063039541244507,1.6396992206573486
0.8469259738922119,1.825496792793274
0.8286409974098206,1.833103895187378
0.648239016532898,1.8233822584152222
0.5623700022697449,1.6451882123947144
0.718330979347229,1.8012399673461914
1.0996479988098145,1.7437721490859985
0.9541710019111633,1.9741824865341187
0.729013979434967,1.9901421070098877
0.6694499850273132,1.6169722080230713
0.8631219863891602,1.7174588441848755
0.6464660167694092,1.7767560482025146
0.8223180174827576,1.68433678150177
0.9235979914665222,1.7154885530471802
0.8300920128822327,1.9701564311981201
1.0673140287399292,1.8446828126907349
1.5461750030517578,1.8533217906951904
0.6827279925346375,2.4213919639587402
0.638562023639679,1.8867614269256592
0.6464239954948425,1.740817904472351
0.6881093978881836,1.8163524866104126
0.7273989915847778,1.7148598432540894
0.65003502368927,1.6719588041305542
0.8693690299987793,1.686646819114685
0.44085800647735596,1.862261414527893
0.4518609642982483,1.5464563369750977
0.7575070261955261,1.7144222259521484
0.4952389895915985,1.810122013092041
0.6850870251655579,1.7116625308990479
0.7243813276290894,1.9111950397491455
0.8653740286827087,1.5096102952957153
0.7400469779968262,1.8618131875991821
0.8070759773254395,1.9228991270065308
0.8204330205917358,1.8178575038909912
1.1144119501113892,1.917042851448059
1.1086050271987915,1.6893670558929443
0.4751499891281128,2.3927900791168213
1.0392680168151855,1.6912790536880493
0.9457899928092957,2.003955125808716
0.7877500057220459,1.8929660320281982
0.35045498609542847,2.0807785987854004
0.9367713928222656,1.7822259664535522
0.9868060350418091,1.682570457458496
0.6470239758491516,1.9364118576049805
1.0297770500183105,1.6338309049606323
1.18744695186615,2.095614433288574
0.9328820705413818,1.7796261310577393
0.7528370022773743,1.6966934204101562
0.6420040130615234,1.9184974431991577
0.23073400557041168,1.811030626296997
0.4714997112751007,1.6568139791488647
0.8772729635238647,1.4412641525268555
0.7876309752464294,1.8655709028244019
0.2742219865322113,1.7353652715682983
0.39922699332237244,1.7569007873535156
0.992351233959198,1.4160841703414917
0.762723982334137,1.785109043121338
0.7200859785079956,1.6834815740585327
0.6264780163764954,1.82942795753479
0.7269890308380127,1.7575979232788086
0.9301019906997681,1.7556021213531494
0.6872699856758118,1.7898328304290771
0.8662552833557129,1.7345712184906006
0.8352038264274597,1.8323302268981934
0.9402499794960022,1.8089203834533691
1.0233579874038696,2.0274555683135986
0.7322629690170288,2.0261855125427246
0.93007493019104,1.9300124645233154
0.8702930212020874,1.935282826423645
0.5104020237922668,1.758536696434021
1.0258179903030396,1.6153621673583984
0.4551239609718323,2.040411949157715
0.7345349788665771,1.7221813201904297
0.7012919783592224,1.7677181959152222
1.0143860578536987,1.7172150611877441
1.1237702369689941,1.7618998289108276
0.48253700137138367,1.5748432874679565
0.46893200278282166,1.638412594795227
0.8755196928977966,1.8345388174057007
1.1454249620437622,1.7418094873428345
1.9437874555587769,2.029958724975586
1.5570390224456787,2.596801996231079
2.104775905609131,2.3877599239349365
1.0622400045394897,2.321948766708374
0.78678297996521,2.5711584091186523
2.2479710578918457,2.080850839614868
0.5664669871330261,2.897797107696533
0.8389729857444763,2.2938549518585205
0.31881898641586304,1.5511997938156128
0.6386680006980896,1.7140685319900513
0.7540266513824463,1.7891803979873657
1.08582603931427,1.7314503192901611
0.6014299988746643,2.033104419708252
0.6923220157623291,1.8111282587051392
0.8782439827919006,1.9328776597976685
1.2792240381240845,1.5872955322265625
0.7251669764518738,1.9611716270446777
0.42831099033355713,1.9936165809631348
0.7012249827384949,1.4237890243530273
0.8846225738525391,1.921302080154419
0.7809653878211975,2.0221340656280518
0.9259699583053589,1.6428409814834595
0.9178640246391296,1.8945645093917847
0.9073020219802856,1.9143751859664917
0.409945011138916,1.9969046115875244
0.8741459846496582,1.598019003868103
1.2313439846038818,1.7966383695602417
0.7683960199356079,1.7059574127197266
0.9357339143753052,2.046560049057007
0.752327024936676,1.6933138370513916
0.624783992767334,1.854716181755066
1.9779471158981323,1.7886300086975098
2.4764792919158936,2.4144668579101562
0.6822599768638611,1.932765007019043
1.29407799243927,2.335354804992676
2.1165060997009277,2.211629629135132
2.0302300453186035,2.724308967590332
1.7275930643081665,2.69836688041687
1.3216190338134766,2.67138671875
1.1142749786376953,2.4030814170837402
1.6184829473495483,1.6788158416748047
1.1023540496826172,2.4160525798797607
0.8501269817352295,1.829199194908142
0.6531813144683838,1.774603247642517
0.6168276071548462,1.7397456169128418
1.0232048034667969,1.7867640256881714
1.1767810583114624,1.6599197387695312
1.10875403881073,2.2800676822662354
0.9838110208511353,1.8943359851837158
1.8299274444580078,1.926466941833496
1.3421310186386108,2.143744945526123
1.265669584274292,2.2803080081939697
0.7930377125740051,2.3798298835754395
1.0306893587112427,1.9279402494430542
0.8210232257843018,1.9080810546875
1.0991692543029785,1.8023558855056763
0.525535523891449,1.7760788202285767
0.7758393883705139,1.4854962825775146
0.7209759950637817,1.8328535556793213
0.8666771054267883,1.8468360900878906
0.8462041020393372,1.798257827758789
0.7614132165908813,1.8541525602340698
0.6587246060371399,1.8810542821884155
1.0786592960357666,1.7890520095825195
1.2819403409957886,1.9250458478927612
0.6600005030632019,2.0882668495178223
1.112500548362732,1.640114188194275
0.6280704736709595,1.817490577697754
0.6864575743675232,1.7292683124542236
0.9000409245491028,1.5311270952224731
0.7342569231987,1.7190238237380981
1.0111212730407715,1.9452322721481323
0.8827599883079529,2.020297050476074
0.7521411776542664,1.90384840965271
0.9489411115646362,1.7404131889343262
0.6799052953720093,2.0296976566314697
0.7211565971374512,1.576130747795105
0.6504104733467102,1.6825371980667114
0.71671062707901,1.6127041578292847
0.9056316018104553,1.7169721126556396
0.6526464819908142,1.6825631856918335
0.7056654095649719,1.8521814346313477
0.6581057906150818,1.9427558183670044
0.6592794060707092,1.7722097635269165
0.6634064316749573,2.0087950229644775
0.7808002829551697,1.8939732313156128
0.756590723991394,1.8054558038711548
0.9280405044555664,1.862634301185608
0.7073829770088196,1.6323047876358032
0.388839989900589,1.8570584058761597
0.3422417938709259,1.3670686483383179
0.2337299883365631,1.5074172019958496
0.14591270685195923,1.399659514427185
0.39495348930358887,1.2260349988937378
0.9678409099578857,1.3587214946746826
0.783922016620636,1.676822304725647
0.8333759903907776,1.7548956871032715
0.9723259210586548,1.6738046407699585
0.6905210018157959,1.9725854396820068
1.3453240394592285,1.7095566987991333
0.7227010130882263,2.0264217853546143
0.6804850101470947,2.0223920345306396
0.7610610127449036,1.6575838327407837
0.8075709939002991,1.628209114074707
0.5886639952659607,1.8538354635238647
0.9960751533508301,1.7142621278762817
1.0454139709472656,1.9015707969665527
0.4713059961795807,1.8178648948669434
1.0471409559249878,1.9038435220718384
1.1262142658233643,1.8436007499694824
2.5604617595672607,1.8063781261444092
0.7747610211372375,2.830151081085205
0.7172060012817383,1.930077075958252
0.8005080223083496,2.021146297454834
0.5680390000343323,2.0724713802337646
1.1957800388336182,1.8773223161697388
0.7970449924468994,1.9310317039489746
0.4899360239505768,1.7680755853652954
0.9918129444122314,1.8376593589782715
0.7445690035820007,1.9010666608810425
0.6096370220184326,1.783034324645996
0.8565919995307922,1.8635544776916504
0.8144299983978271,1.8134794235229492
0.7605929970741272,1.5750170946121216
0.9157519340515137,1.9117870330810547
0.7421634793281555,1.7566949129104614
0.7329360246658325,1.7512738704681396
0.8745691180229187,1.6223878860473633
0.9644910097122192,1.6175932884216309
1.4776719808578491,1.9426231384277344
0.6752679944038391,2.2396187782287598
0.5030400156974792,2.051017999649048
0.7066659927368164,1.6083873510360718
2.968195915222168,1.4992222785949707
1.2553009986877441,2.3601644039154053
4.08481502532959,2.4798922538757324
1.6923229694366455,2.5674808025360107
0.4121052026748657,3.233341693878174
1.0357509851455688,1.9740244150161743
0.6408920288085938,2.046700954437256
0.7065470218658447,2.150583028793335
1.0608303546905518,1.9267215728759766
1.8809541463851929,2.0954065322875977
1.8863739967346191,2.5582923889160156
1.3287739753723145,2.7471444606781006
0.39318400621414185,2.426319122314453
0.6382430195808411,2.081056594848633
1.045531988143921,2.079362630844116
0.6588029861450195,1.6431089639663696
0.8046740293502808,1.9539874792099
0.8740410208702087,1.68694007396698
0.853255033493042,1.837790608406067
0.8952109813690186,1.895624041557312
0.7301589846611023,1.8493969440460205
0.4149410128593445,1.6812986135482788
0.27009400725364685,1.7402909994125366
0.4911320209503174,1.7511197328567505
0.5079169869422913,1.5843775272369385
1.224020004272461,1.7992936372756958
1.267657995223999,1.8076376914978027
2.6334879398345947,1.9476622343063354
3.999615430831909,2.039747476577759
6.651418209075928,4.136671543121338
2.102678060531616,5.162886619567871
1.2836899757385254,3.9825668334960938
1.2913475036621094,3.052424430847168
1.3537540435791016,2.667546272277832
2.390191078186035,2.275111675262451
1.4614410400390625,3.146339178085327
1.599208950996399,2.2751266956329346
1.4711509943008423,1.8874549865722656
1.298205018043518,2.6495654582977295
1.5796220302581787,1.96963632106781
1.360355019569397,2.713042974472046
0.8036410212516785,1.6921271085739136
0.4276689887046814,1.9762471914291382
0.2694070041179657,1.8516929149627686
0.3897170126438141,1.5816514492034912
0.41791701316833496,1.7342115640640259
1.5460360050201416,1.505948543548584
1.017611026763916,2.2998061180114746
0.8653150200843811,2.1048457622528076
0.6194109916687012,2.0568952560424805
0.8454149961471558,2.0329339504241943
0.8048596382141113,1.9142998456954956
1.4358890056610107,1.721436619758606
2.5657520294189453,2.1024839878082275
6.206179141998291,2.536688804626465
0.9309500455856323,3.4659509658813477
0.9077759981155396,3.018982172012329
0.46097978949546814,2.5595884323120117
0.5264570116996765,2.252579927444458
0.7942249774932861,1.6919502019882202
0.9704010486602783,1.845428466796875
0.6695889830589294,1.6030374765396118
0.6997730135917664,1.8292921781539917
0.6903669834136963,1.9915363788604736
0.6361600160598755,1.7305704355239868
0.9726700782775879,1.704087257385254
0.6393389701843262,1.8050512075424194
0.5123779773712158,1.806414008140564
0.5699130296707153,1.5204042196273804
0.8318089842796326,1.7538247108459473
0.4694110155105591,1.927827000617981
0.9054309725761414,1.4205318689346313
0.8482750058174133,1.8878973722457886
0.6566630005836487,1.9016023874282837
0.6324055790901184,1.6167607307434082
0.32685500383377075,1.8684388399124146
0.3047409951686859,1.5749601125717163
0.21594800055027008,1.3932138681411743
0.21484799683094025,1.7468949556350708
0.15123100578784943,1.32942795753479
0.4153338372707367,1.2503389120101929
0.7344200015068054,1.4191933870315552
0.9913370013237,1.7470506429672241
0.7910000085830688,1.8494700193405151
0.742917001247406,1.768693208694458
0.7426548600196838,1.8467864990234375
0.8799139857292175,1.6984376907348633
0.7376829981803894,1.8989888429641724
1.2403429746627808,1.555855631828308
0.8343409895896912,2.1396265029907227
0.3054729998111725,2.0609428882598877
0.8929459452629089,1.7543226480484009
1.2858660221099854,1.7026124000549316
0.41464000940322876,2.1293022632598877
1.090137004852295,1.8316725492477417
0.5923830270767212,1.9090808629989624
0.37732601165771484,1.9294015169143677
2.6935973167419434,1.838728427886963
2.288666009902954,2.837834596633911
0.8955270051956177,2.9109067916870117
0.8070570230484009,2.2719790935516357
1.194862961769104,2.0238542556762695
0.8929409980773926,1.927871584892273
0.9776080846786499,2.164238929748535
1.8325068950653076,2.110813617706299
1.4037929773330688,2.2429006099700928
0.7223749756813049,2.598048210144043
0.6599410176277161,1.8346260786056519
0.7407349944114685,2.0410315990448
0.5553659796714783,2.1027443408966064
1.2367689609527588,1.921732783317566
0.6214020252227783,1.906899094581604
0.710873007774353,1.793845295906067
0.30647799372673035,1.7392456531524658
0.6473349928855896,1.4552807807922363
0.5458269715309143,1.6882123947143555
1.0242477655410767,1.5980098247528076
0.8176820278167725,1.7558681964874268
0.7440620064735413,1.6824374198913574
0.7367150187492371,1.6263597011566162
0.5768560171127319,1.7963534593582153
0.9152599573135376,1.7230141162872314
1.1370290517807007,2.028803586959839
0.4960080087184906,2.200723171234131
0.4941360056400299,1.6163032054901123
0.8834533095359802,1.8466367721557617
1.2715249061584473,1.8919594287872314
0.8864369988441467,1.9360665082931519
0.8988279700279236,2.0834474563598633
0.9049779772758484,1.8583101034164429
0.8299319744110107,1.7542527914047241
0.8756300210952759,1.9142295122146606
0.5502920150756836,1.9015164375305176
1.073919415473938,1.8591628074645996
0.8491920232772827,1.9930776357650757
0.6393229961395264,1.7043604850769043
0.7995309829711914,2.101771831512451
0.9646000266075134,1.8027297258377075
0.8413559794425964,1.720937728881836
0.7011449933052063,1.8265300989151
0.7240070104598999,1.7287213802337646
1.010308027267456,1.6745504140853882
0.6538060307502747,1.7953298091888428
0.7932850122451782,1.91463303565979
0.653839647769928,1.9020854234695435
1.160789966583252,1.841498613357544
0.8085789680480957,2.2419793605804443
0.3743770122528076,2.0172202587127686
0.2556999921798706,1.3662806749343872
0.4893150329589844,1.7281044721603394
1.1518440246582031,1.5735210180282593
0.7372779846191406,1.9138848781585693
1.088750958442688,1.941154956817627
1.9758529663085938,1.9196252822875977
0.8547700047492981,1.952816128730774
0.7977370023727417,2.2422313690185547
1.052428960800171,1.9978599548339844
3.1794509887695312,1.9332454204559326
1.7970678806304932,2.7397713661193848
1.0567020177841187,2.7391343116760254
0.8751260042190552,1.9799929857254028
0.6645399928092957,2.433058500289917
0.7571684122085571,1.9147876501083374
1.3684840202331543,1.7849352359771729
0.9052470326423645,1.898043155670166
1.032060980796814,1.9522731304168701
0.6141330003738403,1.940577507019043
0.9733130931854248,1.6839264631271362
0.6452289819717407,1.672998070716858
0.4894390106201172,1.9094431400299072
0.8408679962158203,1.7739990949630737
0.7771940231323242,1.657459020614624
0.6755350232124329,1.5995255708694458
0.659205973148346,1.7342199087142944
1.0841530561447144,1.9549705982208252
0.931410014629364,1.8640815019607544
1.3594796657562256,2.0316379070281982
0.7633988261222839,2.1226754188537598
0.5357339978218079,1.8871138095855713
0.6781889796257019,1.740716814994812
0.7839810252189636,1.7403863668441772
1.1693676710128784,1.695691704750061
1.01528799533844,1.7346549034118652
0.9259429574012756,1.9812320470809937
1.3192440271377563,2.0759310722351074
0.971746027469635,2.181628465652466
1.1762996912002563,2.1508371829986572
1.7146090269088745,2.214104175567627
1.3073370456695557,1.8899935483932495
0.6186890006065369,2.5170788764953613
2.298435926437378,2.141026258468628
1.8082410097122192,2.713505506515503
0.879414975643158,2.8217248916625977
1.5709450244903564,2.0500597953796387
1.5785160064697266,2.4118099212646484
0.6200309991836548,2.4370062351226807
0.9928810000419617,2.1564228534698486
0.45518699288368225,1.992377758026123
1.0173989534378052,1.8422431945800781
0.8378469944000244,1.920088529586792
0.48847696185112,2.113542079925537
1.2463409900665283,1.736671805381775
1.2096309661865234,1.8117133378982544
1.2524510622024536,2.0309436321258545
1.5197269916534424,2.3351891040802
1.063797950744629,2.2481958866119385
1.5714950561523438,2.1245124340057373
1.2781050205230713,2.500943660736084
1.1920779943466187,2.1276729106903076
0.8304439187049866,1.8397737741470337
1.4020156860351562,1.8166621923446655
1.1565040349960327,1.9454625844955444
1.1625548601150513,1.9371968507766724
0.6007519960403442,2.3240103721618652
1.2538357973098755,1.9234275817871094
1.7918440103530884,1.9624863862991333
1.7340625524520874,2.4438467025756836
4.939970970153809,1.8270854949951172
2.394351005554199,3.8548662662506104
2.212575912475586,3.5228121280670166
1.8865269422531128,3.0666637420654297
0.934382975101471,3.0239999294281006
0.9099829196929932,2.887360095977783
0.8112999796867371,1.7992764711380005
1.0497089624404907,1.890759825706482
1.35178804397583,2.068100929260254
1.2773059606552124,2.3267297744750977
0.785444974899292,2.2666070461273193
0.4846230149269104,1.9880545139312744
0.667635977268219,1.9734349250793457
0.8322510123252869,1.8686165809631348
0.5959370136260986,1.9278472661972046
0.34108901023864746,2.0349788665771484
0.686011016368866,1.6646147966384888
0.8153510093688965,1.6615124940872192
0.39854300022125244,1.758475661277771
0.6998159885406494,1.730279803276062
0.4263690114021301,1.8427656888961792
0.6866139769554138,1.6731598377227783
0.1826770007610321,1.5368585586547852
0.7018824815750122,1.4932496547698975
1.7966820001602173,1.8650801181793213
0.7204269766807556,2.296765089035034
0.46806401014328003,2.002558946609497
0.6408870220184326,1.814785361289978
0.7520520091056824,1.5933048725128174
1.0018175840377808,1.832850694656372
1.660804033279419,1.9391063451766968
1.4505950212478638,2.0225095748901367
1.085010051727295,1.6781052350997925
1.0995550155639648,1.9718683958053589
0.7694180011749268,2.244039297103882
1.2544304132461548,2.1496965885162354
1.4963209629058838,2.2214536666870117
0.7186369895935059,2.3913583755493164
0.890201985836029,1.8099700212478638
0.9891759753227234,1.751294732093811
2.8490145206451416,1.9549967050552368
4.2810750007629395,1.8388574123382568
1.2487390041351318,2.764157772064209
0.7096589803695679,3.144662857055664
0.7497439980506897,2.331695318222046
0.8907450437545776,2.423017978668213
1.4695279598236084,2.0908572673797607
1.608888030052185,2.354435443878174
1.0434609651565552,2.0550289154052734
1.184751033782959,1.991928219795227
0.5063725113868713,2.184669256210327
0.6946156024932861,1.7193485498428345
0.9299110174179077,2.010310173034668
0.7754629850387573,1.8336368799209595
0.8564696311950684,1.639063835144043
0.9269009828567505,1.8030492067337036
0.7506660223007202,1.9880305528640747
0.9248849749565125,1.7435755729675293
1.0701626539230347,1.789927363395691
0.8752880096435547,1.8842434883117676
0.7511039972305298,1.817073941230774
0.8627579808235168,1.7427756786346436
0.5096570253372192,1.9693279266357422
0.849524974822998,1.6536595821380615
0.6711369752883911,1.6226125955581665
0.6132180094718933,1.849919319152832
0.38105499744415283,1.620539665222168
0.871042013168335,1.5016217231750488
0.6540319919586182,1.7983644008636475
0.9089674353599548,1.6611288785934448
0.9709029793739319,1.8982609510421753
0.9856919646263123,1.9627971649169922
1.3562562465667725,1.923326849937439
1.3098729848861694,1.93783700466156
0.6344919800758362,1.9070159196853638
0.5933508276939392,1.9567710161209106
0.8796380162239075,1.8149508237838745
1.1318364143371582,1.900033950805664
1.8412740230560303,1.8681156635284424
2.2617459297180176,2.1273410320281982
2.597975969314575,2.6170132160186768
2.3991920948028564,2.112126588821411
1.9822980165481567,2.9728379249572754
2.269547939300537,1.9095494747161865
2.017889976501465,3.2427258491516113
1.452262043952942,2.9139211177825928
1.3427979946136475,2.4904096126556396
1.3119150400161743,2.2834534645080566
1.2767620086669922,2.5341484546661377
1.2752670049667358,1.7487047910690308
1.2104460000991821,2.2349212169647217
0.8153480291366577,1.6168982982635498
0.7271119952201843,2.1635305881500244
0.6043019890785217,2.01078462600708
0.9830358624458313,1.6984665393829346
1.1015290021896362,2.1078896522521973
1.1837249994277954,1.6000499725341797
0.43564000725746155,1.8154174089431763
0.32700401544570923,1.9062849283218384
0.8039849996566772,1.5831029415130615
0.42168599367141724,1.7667416334152222
0.5734559893608093,1.3259356021881104
0.39594578742980957,1.6949478387832642
0.4163750112056732,1.5184485912322998
0.5603970289230347,1.377922773361206
0.7749050259590149,1.5548961162567139
0.6370840072631836,1.779059886932373
0.38392600417137146,1.7062194347381592
0.564873993396759,1.6192200183868408
1.0547150373458862,1.7650915384292603
0.6537709832191467,1.6567609310150146
0.5931029915809631,1.8171796798706055
1.022608995437622,1.8651264905929565
0.8359869718551636,1.9389961957931519
0.6375340223312378,1.7669048309326172
0.9755985140800476,1.8112907409667969
0.48980802297592163,1.6787022352218628
1.098647952079773,1.7449501752853394
1.1511659622192383,1.898138165473938
0.8061249852180481,2.203371286392212
0.47447702288627625,1.5186470746994019
0.7896029949188232,1.6500557661056519
0.4762530028820038,1.8025050163269043
0.5455229878425598,1.6439926624298096
0.6212809681892395,1.836965799331665
0.7707700133323669,1.7409191131591797
0.9337069988250732,1.7239691019058228
0.8110550045967102,1.6250067949295044
0.6005529761314392,1.8970880508422852
1.00252103805542,2.0142834186553955
0.8921650648117065,1.6878186464309692
0.9160849452018738,2.001225471496582
0.7413420081138611,1.9633135795593262
0.9283249974250793,2.095120429992676
0.6429409980773926,1.8882126808166504
0.9950090050697327,1.6680676937103271
0.6271365880966187,1.9995977878570557
1.0386890172958374,1.5967493057250977
0.6888009905815125,1.740429162979126
0.5214130282402039,1.8827983140945435
0.6510270237922668,1.7598804235458374
1.159701943397522,1.760697841644287
0.6456400156021118,2.048275947570801
1.1958626508712769,1.8807812929153442
1.304703950881958,1.975472092628479
0.8844429850578308,2.1597959995269775
0.7697709798812866,1.8361468315124512
0.7702100276947021,1.871237874031067
0.6418280005455017,1.723985195159912
0.8937159776687622,1.7116854190826416
0.5247250199317932,2.008495569229126
0.5142210125923157,1.644004464149475
0.7172748446464539,1.6598377227783203
0.6410769820213318,1.8801815509796143
0.4689820110797882,1.5759999752044678
1.2037500143051147,1.6277618408203125
0.7911959886550903,1.8644680976867676
1.1363011598587036,1.6914527416229248
0.8642929792404175,1.7960326671600342
0.8814030289649963,1.7978729009628296
0.5817409753799438,1.968526840209961
0.865119993686676,1.7515010833740234
0.9078125357627869,1.9356471300125122
0.7377740144729614,1.702751874923706
1.1203750371932983,1.573670744895935
0.9422479867935181,1.7595033645629883
1.0600600242614746,2.1343812942504883
0.7158420085906982,2.0952041149139404
0.4040209949016571,1.8386998176574707
0.2920779883861542,1.531464695930481
0.631792426109314,1.6597812175750732
1.1246652603149414,1.973612904548645
1.1156909465789795,1.826415777206421
1.247418999671936,1.9309804439544678
0.6976169943809509,1.7921693325042725
3.6939752101898193,2.024540424346924
0.8204839825630188,2.9451122283935547
0.8573070168495178,2.130093574523926
0.69023597240448,1.8394783735275269
0.8385969996452332,1.8847486972808838
1.2877269983291626,1.916692852973938
0.9632229804992676,2.1857662200927734
1.3432999849319458,1.890899658203125
0.7316169738769531,2.3408701419830322
0.6809219717979431,2.0219993591308594
0.7014784216880798,1.5719168186187744
0.6698030233383179,1.7613224983215332
1.36564302444458,1.9736255407333374
0.9781419634819031,2.2701661586761475
0.6786789894104004,2.0049846172332764
0.5976330041885376,1.8428432941436768
0.8193774819374084,1.8549007177352905
0.7911109924316406,1.91082763671875
1.0441473722457886,1.8120213747024536
1.400015950202942,1.9830656051635742
0.874862015247345,2.3037126064300537
0.6228179931640625,1.7941244840621948
0.716405987739563,1.8527936935424805
0.6523500084877014,1.8329029083251953
0.9379299879074097,1.7794663906097412
0.5936999917030334,1.9562222957611084
0.5393440127372742,1.801392674446106
0.9370089769363403,1.5701736211776733
0.8087720274925232,1.7526034116744995
0.5654280185699463,1.945543646812439
0.6020820140838623,1.8439922332763672
1.1466799974441528,1.7081109285354614
0.9824250340461731,1.7350202798843384
0.5671510100364685,1.8366039991378784
0.7866399884223938,1.786137580871582
0.7388439774513245,1.8060623407363892
0.6810299754142761,1.9182637929916382
0.7086979746818542,1.9321773052215576
0.6642330288887024,1.6625972986221313
0.5124790072441101,1.9666568040847778
0.6040380001068115,1.5308419466018677
0.6728799939155579,1.747294545173645
0.8265414834022522,1.557762622833252
0.4546860158443451,1.7447794675827026
0.5594509840011597,1.6708859205245972
0.1332218050956726,1.4293333292007446
0.16330699622631073,1.7109688520431519
0.17978604137897491,1.2121224403381348
0.5747918486595154,1.4046459197998047
0.8508148789405823,1.488712191581726
0.8527640104293823,1.670283317565918
1.6876280307769775,1.7580749988555908
2.149522066116333,1.9920496940612793
0.8122850060462952,2.566251754760742
1.2396399974822998,2.1292614936828613
2.1284372806549072,2.08728289604187
2.1392390727996826,1.767414927482605
0.9779880046844482,2.7179739475250244
0.6937779784202576,2.4761245250701904
0.7218790054321289,1.9127259254455566
0.7631160020828247,1.8279941082000732
0.8565329909324646,1.9298385381698608
1.1093380451202393,1.840772032737732
0.6476340293884277,1.835793137550354
0.9241870045661926,1.720664620399475
0.7877320051193237,2.0632755756378174
1.3055670261383057,1.9755274057388306
0.9107710719108582,2.0502285957336426
0.8699640035629272,1.7912620306015015
0.5743020176887512,1.925197958946228
0.8599532246589661,1.730266809463501
0.4775850176811218,1.7371482849121094
1.1080174446105957,1.6785261631011963
1.2907249927520752,1.7024296522140503
0.8591579794883728,2.2433745861053467
0.3058980107307434,1.8377711772918701
0.903901994228363,1.4382694959640503
0.6352750062942505,1.7346396446228027
1.0234229564666748,1.748252511024475
0.6730669736862183,1.9286274909973145
0.850479006767273,1.8204433917999268
0.5141969919204712,1.6050219535827637
1.5279566049575806,1.8294914960861206
4.094385623931885,1.5456080436706543
0.9952359795570374,2.630066156387329
0.867044985294342,2.6530282497406006
1.1410560607910156,1.9291642904281616
1.622257947921753,1.838302493095398
1.9802048206329346,2.438143014907837
1.3755470514297485,2.7499635219573975
1.8518649339675903,2.4996697902679443
1.4209239482879639,2.535151481628418
1.5891779661178589,2.0545742511749268
1.6731994152069092,1.7085376977920532
2.123934030532837,2.7480456829071045
1.6484019756317139,2.722144603729248
1.2047419548034668,2.6994235515594482
0.7920839786529541,2.482743263244629
1.227027416229248,2.0888864994049072
1.226951003074646,1.7653988599777222
1.131343960762024,2.154201030731201
1.252465009689331,2.1661365032196045
1.1168919801712036,2.046354293823242
1.1223870515823364,2.3203210830688477
1.0401530265808105,1.8284552097320557
0.8091310262680054,2.1913626194000244
0.7681059837341309,1.7627238035202026
0.7982919812202454,1.7612844705581665
0.7666722536087036,1.6693795919418335
1.057360053062439,1.809916615486145
0.8607699871063232,1.940526008605957
1.0707770586013794,1.7089921236038208
0.5301510095596313,2.092181921005249
0.6604189872741699,1.6304415464401245
0.990917980670929,1.9373104572296143
0.3561530113220215,1.9322031736373901
0.9618239402770996,1.9310567378997803
1.2448290586471558,1.960309386253357
0.8381230235099792,1.931379795074463
0.9245989918708801,2.048673152923584
0.8131660223007202,1.7480615377426147
1.003061056137085,1.9183603525161743
0.8752340078353882,1.9617208242416382
0.7991399765014648,1.8772807121276855
0.8812961578369141,2.070927381515503
1.0630801916122437,1.8304708003997803
0.9057049751281738,1.9472254514694214
0.6909559965133667,1.9412918090820312
1.355970025062561,1.7097879648208618
0.7572399973869324,2.065366506576538
2.0437545776367188,1.9120107889175415
0.8576130270957947,2.2024176120758057
2.364957094192505,1.6406097412109375
4.1792311668396,2.3308606147766113
2.2335619926452637,3.6153571605682373
0.8013390302658081,2.9979231357574463
0.8372840285301208,2.275529623031616
0.8851529955863953,2.287360191345215
0.9040349125862122,2.1668314933776855
1.302939534187317,2.2772977352142334
0.7228699922561646,2.152885675430298
0.8009120225906372,1.8164469003677368
1.0329192876815796,1.9972584247589111
1.321628212928772,1.895408272743225
0.9367759227752686,2.3409111499786377
0.7007700204849243,1.8616905212402344
0.7624319791793823,1.6912391185760498
1.1449389457702637,2.0170745849609375
0.7721610069274902,2.0037271976470947
0.8772150278091431,1.9487402439117432
1.2435050010681152,1.9271365404129028
0.6381840109825134,1.9382137060165405
0.7468199729919434,1.7709163427352905
0.6839929819107056,1.9912872314453125
1.4195051193237305,1.5018376111984253
0.6141470074653625,2.1084370613098145
0.7347676753997803,1.762710452079773
0.6770560145378113,2.01059627532959
1.0740269422531128,1.6466710567474365
0.6156389713287354,1.9925421476364136
0.9692379832267761,1.9106394052505493
0.9916120767593384,1.8103801012039185
0.8089560270309448,1.9777196645736694
2.4351439476013184,1.685408592224121
0.8223479986190796,2.9889705181121826
0.5938220024108887,2.166536331176758
0.5762249827384949,1.9497114419937134
0.42242398858070374,1.78153395652771
0.6765879988670349,1.5619255304336548
0.5520349740982056,1.7786942720413208
0.9015229940414429,1.6788347959518433
0.7489960193634033,1.9206551313400269
0.8627583980560303,1.8237335681915283
0.9480750560760498,1.5961170196533203
1.0556138753890991,1.5310555696487427
1.9700199365615845,2.144789457321167
0.9391199350357056,1.9861888885498047
1.0090429782867432,2.2816507816314697
0.7824029922485352,2.042694568634033
1.0162650346755981,2.012242555618286
0.8782749772071838,1.8317562341690063
0.7353619933128357,2.0720560550689697
1.1099909543991089,1.9457423686981201
0.7727199792861938,1.6923885345458984
1.1649819612503052,1.8104392290115356
0.7157210111618042,2.1656200885772705
1.475479006767273,2.0066049098968506
0.8354520201683044,1.5908408164978027
0.734466016292572,2.0341014862060547
0.786192774772644,1.552483320236206
1.1434650421142578,1.8533295392990112
0.9246990084648132,2.1325995922088623
2.9587645530700684,1.8588424921035767
2.138324022293091,2.1676812171936035
2.0387120246887207,2.9706218242645264
1.4802099466323853,1.7663027048110962
0.9367650151252747,2.4155685901641846
1.7159397602081299,2.194969654083252
1.0014020204544067,2.4606916904449463
0.8896229267120361,2.323124408721924
0.7492939829826355,1.864874243736267
1.11518394947052,1.999626636505127
0.945781946182251,1.6701363325119019
0.645218014717102,1.8632627725601196
1.1648420095443726,1.7155849933624268
1.2443510293960571,2.138542890548706
0.904511034488678,2.101219654083252
0.5575259923934937,2.1084272861480713
0.5778343677520752,1.9699151515960693
0.7199835777282715,1.6316442489624023
0.7607790231704712,1.5942457914352417
0.540440022945404,1.7969080209732056
0.800967276096344,1.5687870979309082
0.7710149884223938,1.9690157175064087
0.6709719896316528,2.0446417331695557
2.768970489501953,1.5783421993255615
3.0861330032348633,2.2432522773742676
1.1163580417633057,3.4150662422180176
1.0182609558105469,2.433499813079834
0.7442610263824463,2.154421091079712
1.114386796951294,2.2275736331939697
1.3805164098739624,2.3227837085723877
1.2290984392166138,2.2885358333587646
1.5732389688491821,2.024521827697754
1.2455979585647583,2.234165668487549
0.8298619985580444,2.3593060970306396
0.5376980304718018,2.1644341945648193
0.8593800067901611,1.7766560316085815
0.7949647903442383,1.6594088077545166
0.8122889995574951,1.9021368026733398
1.209460973739624,1.8498455286026
1.0436110496520996,1.7104880809783936
0.9914459586143494,1.8642302751541138
1.3776459693908691,1.8631945848464966
0.7495359778404236,2.117429733276367
0.7549669742584229,1.8356844186782837
0.8522210121154785,1.5973060131072998
1.3126280307769775,1.7324321269989014
0.9499999284744263,2.18361759185791
0.8433979749679565,2.0707390308380127
0.6329939961433411,1.8095663785934448
0.6848490238189697,1.6796294450759888
0.8296039700508118,1.8035955429077148
1.1177760362625122,1.9174292087554932
1.06051504611969,1.6917825937271118
0.9966710209846497,1.9600776433944702
0.6726049780845642,2.1054201126098633
0.8499810099601746,1.7879385948181152
0.7929700016975403,1.908608078956604
0.7509549856185913,1.8539658784866333
0.9556260704994202,1.853811502456665
0.6085839867591858,1.831483006477356
0.778249979019165,1.734145998954773
0.5098140239715576,1.9301234483718872
0.6364319920539856,1.67364501953125
0.6015599966049194,1.6416476964950562
0.6556333899497986,2.026768684387207
0.6385549902915955,1.7982248067855835
0.8762890100479126,1.7906253337860107
0.7967479825019836,1.6898016929626465
0.6824830174446106,1.781012773513794
0.8025500178337097,1.7508820295333862
0.7950311899185181,1.864452600479126
1.5848970413208008,1.7092682123184204
1.0174859762191772,2.327695608139038
0.9177780151367188,1.6899725198745728
1.2302210330963135,1.9072473049163818
1.0278990268707275,2.085461139678955
0.9125559329986572,1.9735398292541504
0.7935979962348938,1.7260818481445312
1.03043794631958,1.9574240446090698
0.5325379967689514,2.088364839553833
0.6127780079841614,1.929937481880188
0.8741289973258972,1.5705053806304932
0.3667230010032654,1.678642988204956
0.739175021648407,1.5925630331039429
0.5604230165481567,1.8067543506622314
0.7758178114891052,1.8216943740844727
0.8102909922599792,1.8193092346191406
0.6437510251998901,1.725617527961731
0.7236457467079163,1.5848171710968018
0.9113870859146118,1.7421292066574097
0.6627830266952515,1.9625461101531982
1.0020359754562378,1.752145528793335
0.8224419951438904,1.8036224842071533
1.0305769443511963,1.8165981769561768
0.6781139969825745,1.9584336280822754
0.5333459973335266,2.055671453475952
0.3209959864616394,1.691817283630371
0.7608630061149597,1.521779179573059
0.7439860105514526,1.8204717636108398
0.5468400120735168,1.72935152053833
0.7004669904708862,1.6395000219345093
0.8356525897979736,1.8279271125793457
1.2742589712142944,1.894382357597351
0.8934450149536133,1.940657615661621
0.6211659908294678,1.914175033569336
0.7900159955024719,1.803754210472107
1.0674949884414673,1.5729089975357056
0.6698009967803955,2.010449171066284
1.2656949758529663,1.7919621467590332
0.6380620002746582,1.8966525793075562
0.9348030686378479,1.8490715026855469
0.8006410002708435,1.98956298828125
1.0857089757919312,1.9501330852508545
0.3527039885520935,1.6392630338668823
0.5883709788322449,1.71729576587677
0.4875420033931732,1.71665620803833
0.4636880159378052,1.373785376548767
0.36370399594306946,1.7923048734664917
0.8750243186950684,1.4024431705474854
0.6435279846191406,1.6347239017486572
0.48341304063796997,1.59108567237854
0.21208900213241577,1.6389645338058472
0.4560469686985016,1.6710257530212402
0.43679100275039673,1.7241077423095703
0.723880410194397,1.5532522201538086
0.556069016456604,1.519927740097046
0.47484299540519714,1.7838096618652344
0.2674640119075775,1.69894540309906
0.9588437080383301,1.6463040113449097
0.7868980169296265,1.6681852340698242
1.7943609952926636,1.674438714981079
1.3376779556274414,2.355419635772705
1.210453987121582,1.8425415754318237
0.5654799938201904,1.8191089630126953
0.4008429944515228,1.8326826095581055
0.27276548743247986,1.6405749320983887
0.5836449861526489,1.5019668340682983
0.8533802628517151,1.6213711500167847
0.8660610318183899,1.9511091709136963
1.1583499908447266,1.678006649017334
0.7764859795570374,1.7913004159927368
1.0688070058822632,1.8686277866363525
0.5888479948043823,1.9551793336868286
1.588868498802185,1.7783013582229614
0.4327859878540039,2.0845603942871094
0.399603009223938,1.703220248222351
0.5545349717140198,1.6377770900726318
0.6221979856491089,1.7959715127944946
1.1495519876480103,1.8195074796676636
1.1212600469589233,2.0707743167877197
0.977645993232727,2.0798277854919434
1.7327419519424438,1.773369312286377
2.3027079105377197,2.5888612270355225
1.0534770488739014,3.0945370197296143
0.796280026435852,2.612910032272339
0.5203329920768738,1.7677723169326782
0.610480010509491,1.757429599761963
0.44530579447746277,1.6177306175231934
0.6522138714790344,1.530082106590271
1.1755411624908447,1.5684806108474731
1.032202124595642,1.9888170957565308
0.7193930149078369,1.8000119924545288
0.8200139999389648,2.032881736755371
0.9497330188751221,1.8569836616516113
1.0391149520874023,1.9854919910430908
0.5883830189704895,1.7967758178710938
0.9508559703826904,1.9517695903778076
0.5277600288391113,2.080359935760498
0.7736063003540039,1.6910814046859741
0.9703559875488281,1.7805206775665283
1.38388991355896,1.8602250814437866
0.7795230150222778,2.070910692214966
0.6069999933242798,1.943244457244873
0.46605703234672546,1.8673350811004639
0.9455270171165466,1.6736575365066528
0.6238729953765869,1.7368439435958862
0.3923240005970001,1.5971342325210571
0.515654981136322,1.4642988443374634
0.9679386019706726,1.7485501766204834
1.3565659523010254,2.036282777786255
0.9072689414024353,1.8663817644119263
0.8162760138511658,1.8865877389907837
2.4798669815063477,1.7557405233383179
1.133080005645752,2.92502498626709
1.045583963394165,2.1270580291748047
0.8474370241165161,1.9061201810836792
1.5365229845046997,2.1936933994293213
0.9008989930152893,2.431473970413208
0.4812009632587433,1.8791354894638062
0.8572540283203125,1.8691879510879517
0.8617479801177979,1.5165196657180786
1.008694052696228,2.021068572998047
1.1277270317077637,1.8258016109466553
0.7795569896697998,1.914942979812622
0.9895502924919128,1.7985382080078125
0.8363329768180847,1.9749380350112915
0.9099559187889099,2.022545576095581
0.5511059761047363,1.8530666828155518
1.2397643327713013,1.712991714477539
1.211838960647583,1.941402792930603
1.3799819946289062,2.03410267829895
1.1484609842300415,2.2389073371887207
0.7663900256156921,2.2706964015960693
0.9660840034484863,1.8592530488967896
0.8156750202178955,1.6985342502593994
1.14227294921875,1.9549403190612793
1.2994799613952637,1.8608261346817017
0.858331024646759,2.2015652656555176
0.714946985244751,1.9212489128112793
0.8764400482177734,1.7544094324111938
0.8305460214614868,1.8005480766296387
0.8535240292549133,2.134860038757324
0.9092410206794739,1.8941214084625244
0.5202720165252686,1.8627774715423584
0.741104006767273,1.7374279499053955
0.5853319764137268,1.9551063776016235
0.5047770142555237,1.7292617559432983
0.5519493222236633,1.8131427764892578
0.9697519540786743,1.6938999891281128
1.1165159940719604,1.8292044401168823
1.0498449802398682,1.8959650993347168
0.6342629790306091,2.154857635498047
0.5644329786300659,1.5456080436706543
0.9184709191322327,1.6541796922683716
0.9593539834022522,1.7869641780853271
0.5984159708023071,1.7918426990509033
0.9383449554443359,1.826550841331482
0.45422500371932983,2.043236017227173
0.7079470157623291,1.6634610891342163
0.3876500129699707,1.7642228603363037
0.4484339952468872,1.9088029861450195
0.8405709862709045,1.4811015129089355
0.5337110161781311,1.5419166088104248
0.7211350202560425,1.8637202978134155
0.5215386152267456,1.6002931594848633
0.7050759792327881,1.7928234338760376
0.6405649781227112,1.6815178394317627
0.5168589949607849,1.6807518005371094
1.6604094505310059,1.6161566972732544
2.4653079509735107,2.054166078567505
1.622156023979187,2.7074947357177734
1.8662701845169067,2.005863666534424
3.6235361099243164,2.445878744125366
0.7948709726333618,3.4829370975494385
0.9065990447998047,2.6709065437316895
0.8571879863739014,2.066239356994629
0.7756379842758179,2.0697999000549316
0.7006700038909912,2.0795938968658447
0.644340991973877,1.8330445289611816
0.757955014705658,1.849491000175476
0.5499600172042847,1.7377657890319824
0.4964669942855835,1.8115904331207275
1.3676775693893433,1.6646487712860107
1.397894024848938,1.9071441888809204
0.8148130178451538,2.1696438789367676
1.2788989543914795,1.8367910385131836
0.8623980283737183,2.0860061645507812
1.093865990638733,1.9258387088775635
0.8134710192680359,1.8613543510437012
1.4666870832443237,2.085165500640869
0.9060310125350952,2.439509868621826
0.7652140259742737,1.948271632194519
1.3110339641571045,1.9728294610977173
0.7892500162124634,2.172881603240967
1.4749020338058472,1.687623143196106
0.916784942150116,1.9788835048675537
1.1861400604248047,2.039457082748413
1.4113919734954834,2.08709979057312
2.0924720764160156,1.828134298324585
0.7189220190048218,2.663952350616455
1.301861047744751,1.9092868566513062
1.268974781036377,2.1688284873962402
1.2219970226287842,2.13375186920166
0.9061110019683838,1.760829210281372
1.0788739919662476,2.073772430419922
1.0280250310897827,1.9691975116729736
0.7863690257072449,2.0025572776794434
1.2768529653549194,1.8242238759994507
0.7093420028686523,2.137838363647461
0.5201929807662964,2.0772175788879395
0.5645610094070435,1.6551183462142944
0.9855200052261353,1.43841552734375
1.0928419828414917,1.9935312271118164
0.478689968585968,1.807714581489563
0.39550599455833435,1.6822583675384521
1.8507031202316284,1.6698685884475708
1.195796012878418,2.1880908012390137
1.7025108337402344,2.144026756286621
2.9983510971069336,2.3408896923065186
2.407080888748169,3.2919445037841797
2.5859439373016357,3.2114057540893555
2.2338390350341797,3.33278489112854
1.6557730436325073,3.138479709625244
1.43061101436615,2.740830183029175
0.8921740651130676,2.3232874870300293
1.2316969633102417,2.4993855953216553
0.8955079317092896,2.0995895862579346
1.602033019065857,2.2175941467285156
1.5853990316390991,2.622706413269043
1.2320599555969238,2.323129653930664
1.2103710174560547,1.9831554889678955
1.2421410083770752,1.9372309446334839
0.9857039451599121,1.9362635612487793
0.7289689779281616,1.7163033485412598
0.6761519908905029,1.890737533569336
1.07157301902771,1.759049892425537
0.9457439184188843,1.9271334409713745
0.43763700127601624,1.8591735363006592
0.5141820311546326,1.7549198865890503
0.3387190103530884,1.9318495988845825
0.7144280076026917,1.7302361726760864
0.4996199905872345,1.6512707471847534
0.791737973690033,1.8641711473464966
0.8646243214607239,1.7223621606826782
0.6024960279464722,1.8778799772262573
1.2600699663162231,1.8088138103485107
1.0123399496078491,2.048231363296509
1.0045289993286133,1.7443665266036987
0.6310235261917114,2.086061716079712
1.141221046447754,1.8940871953964233
0.5426099896430969,2.0830886363983154
0.8547459840774536,1.4867122173309326
0.7744219899177551,1.6281315088272095
0.30843400955200195,1.8466435670852661
0.8376209735870361,1.7298645973205566
0.7293469905853271,1.980940580368042
0.7503905892372131,1.7159608602523804
1.1348220109939575,1.8795651197433472
1.614240050315857,2.059839963912964
1.2447930574417114,1.89779794216156
0.7141630053520203,2.25899600982666
0.7293040156364441,1.9704320430755615
0.6486989855766296,1.8852291107177734
0.34279900789260864,1.6672652959823608
0.38618600368499756,1.504057765007019
0.6366299986839294,1.540653109550476
0.39904800057411194,1.892781138420105
0.41788598895072937,1.6092981100082397
1.103790521621704,1.4326112270355225
0.6956189870834351,1.9822882413864136
0.807013988494873,1.7057065963745117
0.5947690010070801,1.760299801826477
1.1076079607009888,1.7802828550338745
0.9713580012321472,1.7867558002471924
0.7170349955558777,2.0441477298736572
0.6764810085296631,1.5648949146270752
1.6877729892730713,1.6783976554870605
0.9907569885253906,2.121124744415283
0.8082039952278137,2.0025815963745117
1.0877189636230469,2.0222842693328857
1.564818024635315,1.6350445747375488
0.6673809885978699,2.1939823627471924
1.2564899921417236,1.8034805059432983
1.091886043548584,2.2752702236175537
0.7375509738922119,2.146916389465332
0.6224380135536194,1.863915205001831
0.8364729881286621,1.931110143661499
0.577426016330719,1.736377477645874
1.0157610177993774,1.600184679031372
1.106158971786499,1.9151554107666016
0.6945540308952332,1.9107016324996948
1.130903959274292,1.775258183479309
0.95182204246521,2.1547634601593018
0.7524570226669312,1.991762399673462
0.5585229992866516,1.6896578073501587
1.4158363342285156,1.8198049068450928
1.8552981615066528,2.185609817504883
0.7845479846000671,2.180727005004883
0.8210539817810059,1.955741286277771
0.5835890173912048,1.7760506868362427
0.835972011089325,1.6764250993728638
2.1846630573272705,1.9253243207931519
0.6805480122566223,1.9355032444000244
1.2389049530029297,1.882533073425293
1.0303280353546143,2.174818992614746
0.7914109826087952,1.86077082157135
0.8423720002174377,1.765342116355896
0.4464710056781769,1.8050615787506104
0.5589337944984436,1.4870702028274536
0.7099329829216003,1.6521046161651611
0.7334340214729309,1.6679017543792725
0.7833399772644043,1.9290845394134521
0.8426809906959534,1.85573148727417
1.0997610092163086,1.8363438844680786
0.8706315755844116,2.004779815673828
0.5862460136413574,2.0532429218292236
0.8863990306854248,1.8694039583206177
1.0193990468978882,2.067239284515381
0.849361002445221,1.8154233694076538
1.0106669664382935,1.8670551776885986
1.3315160274505615,1.8145220279693604
1.2150089740753174,1.7236789464950562
1.6455910205841064,2.145822763442993
0.9708779454231262,2.4779980182647705
1.4112720489501953,1.8733950853347778
0.7953929901123047,2.457982063293457
1.0463310480117798,1.9477533102035522
0.8879339694976807,2.07643723487854
0.8349300026893616,1.919043779373169
0.98471999168396,1.9227018356323242
1.0903940200805664,1.8925139904022217
0.49016499519348145,2.02227783203125
0.6141669750213623,1.7194280624389648
0.6314740180969238,1.737691044807434
0.8252440094947815,1.8338419198989868
1.0514509677886963,1.7585554122924805
1.0471149682998657,2.0036611557006836
0.39214301109313965,1.8686211109161377
0.46951502561569214,1.7827131748199463
0.7720900177955627,1.6005092859268188
0.7520099878311157,2.0391783714294434
0.687739372253418,1.664550542831421
0.6718119978904724,1.7581828832626343
1.185933232307434,1.832435965538025
0.6571980118751526,1.9840047359466553
0.8213180303573608,1.7892504930496216
0.7795739769935608,2.005563497543335
1.030122995376587,1.9931844472885132
0.6211889982223511,1.7833372354507446
0.8660820126533508,1.8711916208267212
0.9608931541442871,1.5553925037384033
0.67603999376297,1.9034227132797241
0.7402380108833313,1.7068156003952026
0.5984709858894348,1.8509654998779297
0.6151059865951538,1.8102208375930786
0.9358735084533691,1.6779534816741943
0.581824779510498,2.0455517768859863
0.7156659960746765,1.8853256702423096
0.6529520153999329,1.6553733348846436
0.9700022339820862,1.7175722122192383
0.7834500074386597,1.8625887632369995
0.7448130249977112,1.6541035175323486
0.8276180028915405,1.9541584253311157
0.8943400979042053,1.6981383562088013
2.505017042160034,1.705992579460144
1.6207120418548584,2.5620908737182617
1.4175859689712524,2.3610317707061768
1.0498720407485962,2.045130729675293
1.226507544517517,2.343935966491699
1.0431790351867676,2.357236623764038
0.9694439768791199,2.3021302223205566
0.819225013256073,2.0942113399505615
0.8129550218582153,2.0459682941436768
0.6712080240249634,1.644239068031311
0.5289899706840515,1.7736436128616333
0.34619301557540894,1.737388014793396
0.4789489805698395,1.7819175720214844
1.153810977935791,1.581687331199646
0.9671270847320557,1.9247361421585083
0.7845839858055115,2.1168034076690674
0.4701859951019287,1.7707836627960205
0.5632782578468323,1.5988483428955078
0.24162399768829346,1.500277042388916
0.27098599076271057,1.537155032157898
0.1994680017232895,1.4933305978775024
0.13271699845790863,1.5449433326721191
0.4732620120048523,1.568345546722412
0.6585559844970703,1.7305307388305664
0.9621880054473877,1.5079394578933716
0.5111979842185974,1.6228829622268677
0.9829789400100708,1.6898027658462524
0.9100099205970764,1.743826150894165
1.026576042175293,1.9910584688186646
0.830938994884491,1.965606927871704
0.9651919603347778,1.8921189308166504
1.0005439519882202,1.9500677585601807
1.9831851720809937,1.9564182758331299
1.2748550176620483,2.1633641719818115
1.2865259647369385,2.084883451461792
1.3822449445724487,2.3478918075561523
1.7369240522384644,1.9873319864273071
1.2576680183410645,2.684842348098755
0.7533379793167114,1.9710139036178589
1.0849089622497559,1.9742326736450195
1.0624940395355225,1.76236891746521
0.7787629961967468,2.2338898181915283
0.8256469964981079,2.0436525344848633
0.9891829490661621,1.6816459894180298
1.4180920124053955,1.953661322593689
1.1516779661178589,2.1912996768951416
1.250364065170288,1.9025437831878662
0.8794019818305969,2.147576093673706
1.0894230604171753,1.9090921878814697
1.8090629577636719,2.0370514392852783
0.8687390089035034,2.648470163345337
0.8521729707717896,1.9927695989608765
1.307837963104248,2.14799165725708
1.2625759840011597,2.190685987472534
0.760155975818634,1.942798137664795
1.0698870420455933,2.1227869987487793
0.8579840064048767,2.0490047931671143
1.1493239402770996,1.8202389478683472
1.0671429634094238,1.8911724090576172
0.7400619983673096,2.015872001647949
0.6799880266189575,1.7970768213272095
0.7323921322822571,1.8973729610443115
0.8352749943733215,1.677925705909729
0.6000829935073853,1.7231125831604004
1.0105639696121216,1.7838369607925415
0.7613970041275024,1.8317922353744507
0.7260069847106934,1.9467867612838745
1.0643240213394165,1.5392464399337769
0.5901079773902893,2.0191826820373535
0.7744659781455994,1.6750800609588623
0.7406870126724243,1.841816782951355
0.8908360004425049,1.8117841482162476
0.7620100975036621,1.7798243761062622
0.7774500250816345,1.9851553440093994
0.5811070203781128,1.6451376676559448
0.7908779978752136,1.6280395984649658
0.8903719782829285,1.597799301147461
0.7882059812545776,2.010434627532959
0.7301949858665466,1.666722297668457
0.924893319606781,1.6075899600982666
1.2655869722366333,1.9319881200790405
0.7884140014648438,2.2750790119171143
0.9180610179901123,2.009972333908081
0.6569269895553589,2.073812961578369
0.825268030166626,1.7272567749023438
0.42572298645973206,1.9827053546905518
0.9114630222320557,1.658566951751709
0.7238519787788391,1.714263677597046
0.9657319188117981,1.6312832832336426
0.7194200158119202,1.817888617515564
0.7146480083465576,1.7574362754821777
0.6188799738883972,1.6854737997055054
0.8502969741821289,1.8961994647979736
0.6113014817237854,1.8057883977890015
0.8405809998512268,1.6511244773864746
0.5909900069236755,1.6409083604812622
1.1918078660964966,1.8007863759994507
1.0724780559539795,1.5456080436706543
0.7976800203323364,2.2154290676116943
0.7140370011329651,2.0392794609069824
0.8885610699653625,1.7604401111602783
0.7367290258407593,1.8771271705627441
0.9655410051345825,1.8495854139328003
0.8569459915161133,1.7059038877487183
0.5838339924812317,1.698468565940857
3.0475621223449707,1.6135972738265991
0.8865389823913574,2.4112331867218018
1.1864609718322754,1.8538614511489868
0.8750730156898499,2.2181169986724854
1.1119730472564697,2.108705520629883
0.6929270029067993,2.097569227218628
0.5632749795913696,1.66517174243927
0.5519689917564392,1.68094801902771
0.9211350083351135,1.6590683460235596
0.5465030074119568,1.8022825717926025
0.9997850656509399,1.604247808456421
0.7512239813804626,1.9743924140930176
0.8402569890022278,1.711902379989624
0.7843149900436401,1.4746755361557007
0.5915480256080627,1.7893428802490234
0.6109840273857117,1.8279273509979248
0.9328789710998535,1.8684253692626953
0.799202024936676,1.8153990507125854
0.9833549857139587,1.643626093864441
0.5405290126800537,1.75175142288208
1.0936700105667114,1.5466152429580688
0.9266330003738403,2.0898382663726807
0.7972419857978821,2.210700273513794
0.589605987071991,1.6317732334136963
0.7799540162086487,1.7752946615219116
0.5182790160179138,1.7409534454345703
0.7263879776000977,1.6508018970489502
0.621636688709259,1.5452624559402466
0.8810679912567139,1.9124863147735596
0.7315016984939575,1.849816083908081
0.9703850150108337,1.8346707820892334
0.8715350031852722,1.8928698301315308
0.550574004650116,1.8680055141448975
0.25762999057769775,1.7036597728729248
0.6952109932899475,1.4700589179992676
0.35474300384521484,1.4790313243865967
1.308350920677185,1.555708885192871
1.4247100353240967,1.8339725732803345
2.422243118286133,2.3467071056365967
1.5880931615829468,2.7498092651367188
2.882889986038208,2.359072685241699
1.5108100175857544,3.4955151081085205
0.5103110074996948,2.3168869018554688
0.6637499928474426,2.250192880630493
0.5865659713745117,1.8609532117843628
0.9182999730110168,1.916978359222412
1.1263630390167236,1.9699028730392456
0.9455380439758301,2.261955499649048
0.7979699969291687,2.079993724822998
0.8895260691642761,1.6302851438522339
0.5017459988594055,1.9950709342956543
0.7889080047607422,1.615067481994629
0.5571460127830505,1.6277204751968384
0.8079270124435425,1.8606977462768555
0.7382910251617432,1.6918742656707764
0.6742079854011536,1.8528202772140503
0.8787713646888733,1.6159287691116333
0.7401880025863647,1.7544103860855103
0.8886500000953674,1.6058363914489746
0.7983270287513733,1.6760927438735962
0.5137799978256226,1.9711564779281616
0.7760372757911682,1.6890058517456055
0.8528280258178711,1.8264790773391724
0.7851629853248596,1.808363676071167
0.8431609869003296,1.9208511114120483
1.02479887008667,1.8957539796829224
0.804427981376648,1.8575605154037476
0.8841310143470764,1.8117997646331787
0.3615649938583374,1.7752119302749634
1.171491026878357,1.5631392002105713
0.4477909803390503,1.7026071548461914
0.7665730118751526,1.6800771951675415
0.7735599875450134,1.898795247077942
1.0548230409622192,1.8499919176101685
0.7843300104141235,1.7581347227096558
1.0342509746551514,1.710574746131897
1.096979022026062,1.8792452812194824
0.7633029818534851,1.7491662502288818
0.5883730053901672,2.030719757080078
0.6365630030632019,1.8248239755630493
0.5750700235366821,1.6580803394317627
0.5399640202522278,1.8486676216125488
1.3246711492538452,1.5749167203903198
0.8178460001945496,1.9611921310424805
0.6359609961509705,1.4596376419067383
0.8135920166969299,1.8928065299987793
0.9872140288352966,1.5708889961242676
0.9839290380477905,1.8879369497299194
0.5904790163040161,1.9220240116119385
0.8986789584159851,1.8021758794784546
0.626800000667572,1.9350181818008423
0.6926850080490112,2.0276780128479004
0.5757049918174744,1.6732773780822754
0.676468014717102,1.8950825929641724
0.8279470205307007,1.973370909690857
0.6547859907150269,1.7032650709152222
1.0858155488967896,1.6535618305206299
0.8509550094604492,1.960012435913086
0.887935996055603,1.7879971265792847
0.6557850241661072,1.6978342533111572
0.6597809791564941,1.929925560951233
0.8856279850006104,1.7689673900604248
0.7502999901771545,1.8576676845550537
0.9303160309791565,1.4302098751068115
0.7259460091590881,1.5577490329742432
0.7123904824256897,1.722443699836731
0.93265700340271,1.8235132694244385
0.6544970273971558,1.8687994480133057
0.4987269639968872,1.9196466207504272
0.9782410264015198,1.4948546886444092
0.5593240261077881,1.6957015991210938
0.873399019241333,1.8709101676940918
0.6232500076293945,1.6541266441345215
0.6319249868392944,1.810355544090271
0.8335350155830383,1.5936299562454224
0.8613430261611938,1.9256585836410522
1.0360130071640015,1.721744418144226
0.6160370111465454,1.9823111295700073
0.9874529242515564,1.8674265146255493
0.6686739921569824,1.9566099643707275
0.6455339789390564,1.9847689867019653
1.0070300102233887,1.5686039924621582
0.7763000130653381,1.834338665008545
0.9358489513397217,1.6890413761138916
0.6626719832420349,1.8891687393188477
1.1133519411087036,2.0002129077911377
0.5495319962501526,1.8283249139785767
0.9273632764816284,1.5267986059188843
0.8215330243110657,1.7949475049972534
0.9193540811538696,1.9136706590652466
0.689985990524292,1.930772304534912
0.649773895740509,1.9993572235107422
0.9705050587654114,1.6414296627044678
0.8034440279006958,1.902475118637085
0.8920990824699402,1.9065335988998413
0.7462270259857178,1.718414306640625
1.4954074621200562,1.8510483503341675
0.7597569823265076,1.7152502536773682
0.9677280187606812,2.0893054008483887
1.1260110139846802,2.1228818893432617
0.7641419768333435,1.6543210744857788
1.4238189458847046,1.8640446662902832
0.8309190273284912,2.35817813873291
0.5316870212554932,2.246133327484131
0.6942920088768005,1.69800865650177
1.097100019454956,1.69362211227417
0.862371027469635,1.8674335479736328
0.9711960554122925,1.9539053440093994
0.7501904964447021,1.8217344284057617
0.5659890174865723,1.712411880493164
0.7235890030860901,1.968176007270813
1.0888769626617432,1.721726655960083
0.2614549994468689,2.1199710369110107
0.19231680035591125,1.5762944221496582
0.20483900606632233,1.476356863975525
0.37529999017715454,1.3241989612579346
0.18789100646972656,1.4627768993377686
0.4178839921951294,1.3267197608947754
0.6128349900245667,1.477973461151123
0.48221004009246826,1.5456080436706543
0.813664972782135,1.7975811958312988
0.8997990489006042,1.895806074142456
0.7667459845542908,1.7696783542633057
0.6762999892234802,1.8486688137054443
0.9804093241691589,1.937709093093872
1.0755330324172974,1.6356531381607056
0.6459739804267883,1.7105886936187744
0.7601699829101562,1.6983528137207031
0.8707180023193359,1.6696407794952393
1.0455570220947266,1.921331524848938
0.4832339882850647,1.9462066888809204
1.085988998413086,1.6579399108886719
0.7320979833602905,1.7280031442642212
0.7128990292549133,2.0784859657287598
1.0453890562057495,1.678208827972412
0.7359200119972229,1.9213131666183472
0.8956930041313171,1.5852075815200806
0.874550998210907,1.8025988340377808
0.9237470030784607,1.747381329536438
0.9997780323028564,1.9191009998321533
1.7395340204238892,1.8292220830917358
0.8107889890670776,2.201172113418579
0.7049050331115723,1.8740125894546509
0.8328269720077515,1.9916975498199463
0.8276600241661072,1.8487904071807861
0.8953109383583069,1.711043357849121
1.459501028060913,1.9122592210769653
1.1795190572738647,2.019686698913574
1.443411946296692,2.272775888442993
1.3067350387573242,2.4411935806274414
0.7634999752044678,2.2827789783477783
1.1451480388641357,1.910015344619751
0.7253450155258179,1.9043930768966675
0.763359010219574,1.6829646825790405
0.6174820065498352,1.6515074968338013
1.0293229818344116,1.805776596069336
1.3020559549331665,1.9487775564193726
3.1641249656677246,2.0309391021728516
0.9734439849853516,2.8328709602355957
1.2296710014343262,2.476080894470215
0.7441530227661133,2.383641481399536
1.0630340576171875,2.0582125186920166
1.1238720417022705,1.972318410873413
0.8984769582748413,1.9066033363342285
0.7175139784812927,1.7126387357711792
0.5367509722709656,1.8123292922973633
1.1754430532455444,1.5604140758514404
1.1010489463806152,2.029545783996582
0.5734490156173706,1.9480292797088623
1.4311449527740479,1.801245927810669
1.0377949476242065,1.8495090007781982
0.6568620204925537,2.1142687797546387
1.0749080181121826,1.866834282875061
1.385972023010254,1.732973575592041
1.0048049688339233,1.9151461124420166
1.6095399856567383,2.0607545375823975
2.8175759315490723,1.8384568691253662
1.9625624418258667,2.5118563175201416
1.2797520160675049,2.3969807624816895
1.9953300952911377,2.2036099433898926
2.033385992050171,3.0453362464904785
1.3074439764022827,2.3561549186706543
1.6112580299377441,2.79470157623291
2.0402181148529053,2.1081793308258057
2.1832449436187744,2.6202750205993652
1.351415991783142,3.1126315593719482
0.7242180109024048,2.6562001705169678
1.363389015197754,2.3863635063171387
1.5268089771270752,2.4671642780303955
1.7840195894241333,2.555457353591919
1.1035970449447632,2.5522310733795166
1.7630079984664917,2.1996395587921143
1.1575490236282349,2.6375572681427
1.1533260345458984,1.925841212272644
2.3628110885620117,2.001732587814331
2.5807878971099854,2.667999505996704
1.2421469688415527,2.871110439300537
1.7128210067749023,2.297901153564453
0.6676509976387024,2.18891978263855
0.8271329998970032,2.3150808811187744
0.9642648100852966,1.7107462882995605
1.3941617012023926,1.8317935466766357
0.7584049701690674,2.1758415699005127
0.6900759935379028,1.8465765714645386
0.6740249991416931,2.0250704288482666
0.8615220189094543,1.7381460666656494
0.7907469868659973,1.8242096900939941
0.7285000085830688,1.709420084953308
0.24119801819324493,1.7340456247329712
0.33546000719070435,1.6483522653579712
0.5912460088729858,1.344394326210022
1.0584269762039185,1.5360561609268188
0.7669919729232788,1.9577324390411377
0.5881239771842957,1.7091501951217651
0.5922303199768066,1.7780835628509521
0.8753510117530823,1.8569527864456177
0.703827977180481,1.5980265140533447
0.5677499771118164,1.7483501434326172
0.7133870124816895,1.52066171169281
1.0775059461593628,1.7428324222564697
0.6909419894218445,1.9672223329544067
0.772458016872406,1.7925622463226318
0.7237120270729065,1.946860432624817
0.9752489924430847,1.740399956703186
0.9151769280433655,1.6772304773330688
0.7574009895324707,1.9454678297042847
0.6912069916725159,1.8678724765777588
1.183527946472168,1.657370924949646
0.7705749869346619,1.9521760940551758
0.8947700262069702,1.9559975862503052
0.6143350005149841,2.0501785278320312
0.7692319750785828,1.6681303977966309
0.907075047492981,1.8634328842163086
0.4068099856376648,1.49716317653656
0.5138880014419556,1.8057861328125
0.24814699590206146,1.7209060192108154
0.25687599182128906,1.2684431076049805
0.598065972328186,1.5051277875900269
0.5981699824333191,1.5892376899719238
0.8801140189170837,1.6573036909103394
1.085649013519287,1.5644824504852295
0.9920129179954529,2.0180675983428955
0.8743849992752075,2.1852831840515137
0.8770260214805603,1.9002923965454102
1.008928894996643,1.9917389154434204
0.8088759779930115,2.0353219509124756
0.6714209914207458,1.8162401914596558
0.7449629902839661,1.6947216987609863
0.694267988204956,1.6666080951690674
1.001886010169983,1.6241494417190552
0.7935580015182495,1.972554087638855
0.8450049161911011,1.7705336809158325
0.8031240105628967,1.9096544981002808
0.574446976184845,1.859477162361145
0.5679720044136047,1.7285559177398682
0.4538080096244812,1.916436791419983
0.8494881391525269,1.6132780313491821
0.4064599871635437,1.56377375125885
0.24535199999809265,1.511203646659851
2.3232181072235107,1.2841246128082275
2.0271155834198,2.4410109519958496
1.5811179876327515,2.7187671661376953
1.7270499467849731,2.426206588745117
1.1506420373916626,2.173400640487671
1.6079339981079102,2.2123799324035645
1.3312339782714844,2.070173978805542
1.221642017364502,2.354060411453247
1.583541989326477,2.201885938644409
1.6086621284484863,2.0265390872955322
2.1856539249420166,2.2618167400360107
