actual,predict
0.7274609804153442,0.9380989074707031
0.7892770171165466,0.8465045690536499
0.6237750053405762,0.8632122874259949
0.6914690136909485,0.8419247269630432
0.855771005153656,0.7059162855148315
0.7093830108642578,0.69805508852005
1.0145479440689087,0.6665295362472534
1.1157310009002686,0.7859463095664978
0.41828301548957825,1.0751779079437256
1.0022809505462646,0.8028435111045837
1.2188609838485718,0.7296887040138245
1.1432960033416748,0.7408600449562073
0.6528189778327942,1.0236012935638428
0.6746559739112854,0.7491174936294556
0.6009536385536194,0.732698380947113
0.6694570183753967,0.8886697888374329
0.6538079977035522,0.8605865240097046
0.7814120054244995,0.5926735997200012
1.2063039541244507,0.5696601867675781
0.8469259738922119,0.6806787252426147
0.8286409974098206,0.8212133049964905
0.648239016532898,0.8245241045951843
0.5623700022697449,0.6380802989006042
0.718330979347229,0.6135973334312439
1.0996479988098145,0.7684221863746643
0.9541710019111633,0.7682997584342957
0.729013979434967,0.7999954223632812
0.6694499850273132,1.0486284494400024
0.8631219863891602,0.6367608308792114
0.6464660167694092,0.8572242259979248
0.8223180174827576,0.6568530201911926
0.9235979914665222,0.6429780125617981
0.8300920128822327,0.7510652542114258
1.0673140287399292,0.6223833560943604
1.5461750030517578,0.7420849800109863
0.6827279925346375,0.8865499496459961
0.638562023639679,0.9853492379188538
0.6464239954948425,0.8416665196418762
0.6881093978881836,0.507310152053833
0.7273989915847778,0.6177387237548828
0.65003502368927,0.8368543982505798
0.8693690299987793,0.7152442932128906
0.44085800647735596,0.5803312659263611
0.4518609642982483,0.5085378289222717
0.7575070261955261,0.7043393850326538
0.4952389895915985,0.49359238147735596
0.6850870251655579,0.6714177131652832
0.7243813276290894,0.5506260395050049
0.8653740286827087,0.6309810876846313
0.7400469779968262,0.8306712508201599
0.8070759773254395,0.760765790939331
0.8204330205917358,0.6747701168060303
1.1144119501113892,0.8830329775810242
1.1086050271987915,0.645031213760376
0.4751499891281128,0.7214179635047913
1.0392680168151855,0.6806312203407288
0.9457899928092957,0.7715463638305664
0.7877500057220459,0.6865804195404053
0.35045498609542847,0.8234478831291199
0.9367713928222656,0.6847928762435913
0.9868060350418091,0.6956557035446167
0.6470239758491516,0.6483437418937683
1.0297770500183105,0.8326656818389893
1.18744695186615,0.6813010573387146
0.9328820705413818,0.7623786330223083
0.7528370022773743,1.1683677434921265
0.6420040130615234,0.8986783623695374
0.23073400557041168,0.6806007027626038
0.4714997112751007,0.6633023619651794
0.8772729635238647,0.793886125087738
0.7876309752464294,0.4867189824581146
0.2742219865322113,0.6907960176467896
0.39922699332237244,0.9270567893981934
0.992351233959198,0.7149059176445007
0.762723982334137,0.5938498973846436
0.7200859785079956,0.5526080131530762
0.6264780163764954,0.7610161304473877
0.7269890308380127,0.6096906661987305
0.9301019906997681,0.6689155697822571
0.6872699856758118,0.694113552570343
0.8662552833557129,0.8069812059402466
0.8352038264274597,0.7427033185958862
0.9402499794960022,0.6729793548583984
1.0233579874038696,0.7078723907470703
0.7322629690170288,0.8551294803619385
0.93007493019104,0.9523319005966187
0.8702930212020874,0.7140071392059326
0.5104020237922668,0.8114636540412903
1.0258179903030396,0.7735897898674011
0.4551239609718323,0.7871556282043457
0.7345349788665771,0.7205443382263184
0.7012919783592224,0.5330158472061157
1.0143860578536987,0.8691704869270325
1.1237702369689941,0.8143811225891113
0.48253700137138367,0.8418485522270203
0.46893200278282166,0.6887287497520447
0.8755196928977966,0.5123388767242432
1.1454249620437622,0.526357114315033
1.9437874555587769,0.6244664788246155
1.5570390224456787,0.9019710421562195
2.104775905609131,1.0858527421951294
1.0622400045394897,1.4702587127685547
0.78678297996521,1.209514856338501
2.2479710578918457,1.2207260131835938
0.5664669871330261,1.1322832107543945
0.8389729857444763,1.1577714681625366
0.31881898641586304,0.8637340068817139
0.6386680006980896,0.7960231304168701
0.7540266513824463,1.0522793531417847
1.08582603931427,0.5483680367469788
0.6014299988746643,0.5696722269058228
0.6923220157623291,0.6431776881217957
0.8782439827919006,0.6698048710823059
1.2792240381240845,0.7019183039665222
0.7251669764518738,0.8141717314720154
0.42831099033355713,1.0252621173858643
0.7012249827384949,0.8652071356773376
0.8846225738525391,0.9271208643913269
0.7809653878211975,0.7434133887290955
0.9259699583053589,0.6237292289733887
0.9178640246391296,0.6288338303565979
0.9073020219802856,1.0790730714797974
0.409945011138916,0.720360279083252
0.8741459846496582,0.815050482749939
1.2313439846038818,0.9176579117774963
0.7683960199356079,0.9957919120788574
0.9357339143753052,0.9232281446456909
0.752327024936676,0.8799160122871399
0.624783992767334,0.768660843372345
1.9779471158981323,0.7171761989593506
2.4764792919158936,0.9022574424743652
0.6822599768638611,1.3233791589736938
1.29407799243927,1.2065529823303223
2.1165060997009277,1.1805272102355957
2.0302300453186035,1.26123046875
1.7275930643081665,1.3619022369384766
1.3216190338134766,1.6000982522964478
1.1142749786376953,1.4533730745315552
1.6184829473495483,1.2614628076553345
1.1023540496826172,1.2857850790023804
0.8501269817352295,1.1702243089675903
0.6531813144683838,1.0555793046951294
0.6168276071548462,0.9422756433486938
1.0232048034667969,0.7622751593589783
1.1767810583114624,0.6971380114555359
1.10875403881073,1.0156517028808594
0.9838110208511353,0.8661475777626038
1.8299274444580078,0.8589215278625488
1.3421310186386108,1.07375168800354
1.265669584274292,1.0977991819381714
0.7930377125740051,1.2267297506332397
1.0306893587112427,1.071010947227478
0.8210232257843018,0.9120550751686096
1.0991692543029785,0.8666973114013672
0.525535523891449,1.065181016921997
0.7758393883705139,0.7610656023025513
0.7209759950637817,0.9126688838005066
0.8666771054267883,0.6796879768371582
0.8462041020393372,0.6616907119750977
0.7614132165908813,0.611103892326355
0.6587246060371399,1.1681517362594604
1.0786592960357666,0.8027355670928955
1.2819403409957886,0.6438952684402466
0.6600005030632019,0.9830871224403381
1.112500548362732,0.7262737154960632
0.6280704736709595,0.8041127920150757
0.6864575743675232,0.9602532386779785
0.9000409245491028,0.9337601065635681
0.7342569231987,0.8790884613990784
1.0111212730407715,0.7001676559448242
0.8827599883079529,0.6340940594673157
0.7521411776542664,0.894184947013855
0.9489411115646362,0.8183255195617676
0.6799052953720093,0.6128414869308472
0.7211565971374512,0.6697465181350708
0.6504104733467102,0.5623672008514404
0.71671062707901,0.5572099685668945
0.9056316018104553,0.6674220561981201
0.6526464819908142,0.8353487253189087
0.7056654095649719,0.5393835306167603
0.6581057906150818,0.7169313430786133
0.6592794060707092,0.500162661075592
0.6634064316749573,0.7980252504348755
0.7808002829551697,0.7964856624603271
0.756590723991394,0.7979583144187927
0.9280405044555664,0.791459321975708
0.7073829770088196,0.7236774563789368
0.388839989900589,0.7134323120117188
0.3422417938709259,0.5766963958740234
0.2337299883365631,0.4426785409450531
0.14591270685195923,0.6320923566818237
0.39495348930358887,0.5637992024421692
0.9678409099578857,0.19020679593086243
0.783922016620636,0.3491566777229309
0.8333759903907776,0.819046139717102
0.9723259210586548,0.6004945635795593
0.6905210018157959,0.6882902979850769
1.3453240394592285,0.600072979927063
0.7227010130882263,0.8766255974769592
0.6804850101470947,0.8404464721679688
0.7610610127449036,0.7824573516845703
0.8075709939002991,0.7006968259811401
0.5886639952659607,0.7453439235687256
0.9960751533508301,0.574201762676239
1.0454139709472656,0.6348493695259094
0.4713059961795807,0.9656709432601929
1.0471409559249878,1.0156612396240234
1.1262142658233643,0.8423509001731873
2.5604617595672607,0.7561318278312683
0.7747610211372375,1.3223375082015991
0.7172060012817383,1.1327037811279297
0.8005080223083496,1.0564618110656738
0.5680390000343323,0.8385204076766968
1.1957800388336182,1.0274440050125122
0.7970449924468994,0.9144427180290222
0.4899360239505768,0.7501392364501953
0.9918129444122314,0.8351688981056213
0.7445690035820007,0.6528015732765198
0.6096370220184326,1.1172077655792236
0.8565919995307922,0.8889318704605103
0.8144299983978271,0.8407048583030701
0.7605929970741272,0.650973916053772
0.9157519340515137,0.7909552454948425
0.7421634793281555,0.6492958068847656
0.7329360246658325,0.5829583406448364
0.8745691180229187,0.5749348402023315
0.9644910097122192,0.9490594267845154
1.4776719808578491,0.7100797295570374
0.6752679944038391,0.8095568418502808
0.5030400156974792,0.8253166675567627
0.7066659927368164,0.9553613066673279
2.968195915222168,0.6303569078445435
1.2553009986877441,1.1548985242843628
4.08481502532959,1.2096878290176392
1.6923229694366455,1.7507164478302002
0.4121052026748657,1.9999204874038696
1.0357509851455688,1.2798840999603271
0.6408920288085938,1.0837985277175903
0.7065470218658447,0.7997063994407654
1.0608303546905518,1.176213026046753
1.8809541463851929,0.8304501175880432
1.8863739967346191,0.9949245452880859
1.3287739753723145,1.1391414403915405
0.39318400621414185,1.2261005640029907
0.6382430195808411,0.9781745076179504
1.045531988143921,1.0641968250274658
0.6588029861450195,1.0081291198730469
0.8046740293502808,0.6098583936691284
0.8740410208702087,0.8605325222015381
0.853255033493042,0.6817144751548767
0.8952109813690186,0.6219013929367065
0.7301589846611023,0.653240442276001
0.4149410128593445,0.6897260546684265
0.27009400725364685,0.6407709717750549
0.4911320209503174,0.4748553931713104
0.5079169869422913,0.7251220941543579
1.224020004272461,0.6757646203041077
1.267657995223999,0.5914480686187744
2.6334879398345947,0.8656699061393738
3.999615430831909,1.224134922027588
6.651418209075928,1.5261726379394531
2.102678060531616,3.486518621444702
1.2836899757385254,3.1267197132110596
1.2913475036621094,2.652594566345215
1.3537540435791016,1.6042380332946777
2.390191078186035,1.4464452266693115
1.4614410400390625,1.7761998176574707
1.599208950996399,1.4238178730010986
1.4711509943008423,1.3691602945327759
1.298205018043518,1.2583409547805786
1.5796220302581787,1.3109698295593262
1.360355019569397,1.2816723585128784
0.8036410212516785,1.2006967067718506
0.4276689887046814,1.1382619142532349
0.2694070041179657,0.9532862901687622
0.3897170126438141,0.5852595567703247
0.41791701316833496,0.9104341268539429
1.5460360050201416,0.7900059223175049
1.017611026763916,0.6921342611312866
0.8653150200843811,0.7904372811317444
0.6194109916687012,0.8327757120132446
0.8454149961471558,0.8179453015327454
0.8048596382141113,0.730724036693573
1.4358890056610107,0.8108972907066345
2.5657520294189453,0.8657904267311096
6.206179141998291,1.2649939060211182
0.9309500455856323,2.517070770263672
0.9077759981155396,1.9969202280044556
0.46097978949546814,1.9225239753723145
0.5264570116996765,1.2777639627456665
0.7942249774932861,1.0006015300750732
0.9704010486602783,0.8438380360603333
0.6695889830589294,0.8737133145332336
0.6997730135917664,0.6608962416648865
0.6903669834136963,0.9640825986862183
0.6361600160598755,0.642964243888855
0.9726700782775879,0.5927910208702087
0.6393389701843262,0.4249671995639801
0.5123779773712158,0.6040592789649963
0.5699130296707153,0.8711367249488831
0.8318089842796326,0.5764462351799011
0.4694110155105591,0.7927427291870117
0.9054309725761414,1.0736271142959595
0.8482750058174133,0.7943507432937622
0.6566630005836487,0.601516604423523
0.6324055790901184,0.5415067076683044
0.32685500383377075,0.6261160373687744
0.3047409951686859,0.5500285625457764
0.21594800055027008,0.6861721277236938
0.21484799683094025,0.3150268495082855
0.15123100578784943,0.023509498685598373
0.4153338372707367,0.2671129107475281
0.7344200015068054,0.19875198602676392
0.9913370013237,0.18794338405132294
0.7910000085830688,0.6036156415939331
0.742917001247406,0.6039859056472778
0.7426548600196838,0.501518726348877
0.8799139857292175,0.7586230039596558
0.7376829981803894,0.9746779203414917
1.2403429746627808,1.1039422750473022
0.8343409895896912,0.9092334508895874
0.3054729998111725,0.7854412794113159
0.8929459452629089,0.7803478240966797
1.2858660221099854,0.9351500272750854
0.41464000940322876,0.6633845567703247
1.090137004852295,0.8164721727371216
0.5923830270767212,0.966995120048523
0.37732601165771484,0.7744473218917847
2.6935973167419434,0.67811119556427
2.288666009902954,1.0524762868881226
0.8955270051956177,1.2668750286102295
0.8070570230484009,1.257961630821228
1.194862961769104,1.1505359411239624
0.8929409980773926,1.1119741201400757
0.9776080846786499,0.9873048663139343
1.8325068950653076,1.0813193321228027
1.4037929773330688,1.0640380382537842
0.7223749756813049,1.127862811088562
0.6599410176277161,1.0650376081466675
0.7407349944114685,0.8658686280250549
0.5553659796714783,0.7921348810195923
1.2367689609527588,0.566016674041748
0.6214020252227783,0.8399643898010254
0.710873007774353,0.7537534832954407
0.30647799372673035,0.5827558040618896
0.6473349928855896,0.47973477840423584
0.5458269715309143,0.6785019040107727
1.0242477655410767,0.44316259026527405
0.8176820278167725,0.8631648421287537
0.7440620064735413,0.7521091103553772
0.7367150187492371,0.6963933706283569
0.5768560171127319,0.6856655478477478
0.9152599573135376,0.5562505125999451
1.1370290517807007,0.7509824633598328
0.4960080087184906,0.6399075388908386
0.4941360056400299,0.7652655243873596
0.8834533095359802,0.6289357542991638
1.2715249061584473,0.5213338732719421
0.8864369988441467,0.7143097519874573
0.8988279700279236,0.997089147567749
0.9049779772758484,1.0229038000106812
0.8299319744110107,0.7345551252365112
0.8756300210952759,0.6963046789169312
0.5502920150756836,0.9685994982719421
1.073919415473938,0.643782377243042
0.8491920232772827,0.6773701906204224
0.6393229961395264,0.5889222025871277
0.7995309829711914,0.6820634603500366
0.9646000266075134,0.9725617170333862
0.8413559794425964,0.7008662819862366
0.7011449933052063,0.820702075958252
0.7240070104598999,0.9741742610931396
1.010308027267456,0.6376624703407288
0.6538060307502747,0.5500340461730957
0.7932850122451782,0.6702073812484741
0.653839647769928,0.5831533670425415
1.160789966583252,0.8077853918075562
0.8085789680480957,0.680334746837616
0.3743770122528076,0.7288116216659546
0.2556999921798706,0.8768485188484192
0.4893150329589844,0.38108107447624207
1.1518440246582031,0.5558662414550781
0.7372779846191406,0.6239649653434753
1.088750958442688,0.7562652230262756
1.9758529663085938,0.8979019522666931
0.8547700047492981,1.0450505018234253
0.7977370023727417,0.959929883480072
1.052428960800171,1.0357038974761963
3.1794509887695312,0.9008743762969971
1.7970678806304932,1.3610695600509644
1.0567020177841187,1.3929524421691895
0.8751260042190552,1.3781172037124634
0.6645399928092957,1.1633743047714233
0.7571684122085571,0.9489935636520386
1.3684840202331543,1.015251874923706
0.9052470326423645,1.0171005725860596
1.032060980796814,0.740467369556427
0.6141330003738403,1.0268242359161377
0.9733130931854248,0.8116798996925354
0.6452289819717407,0.9322245121002197
0.4894390106201172,0.6688346266746521
0.8408679962158203,0.5671284794807434
0.7771940231323242,0.5742647051811218
0.6755350232124329,0.8538047671318054
0.659205973148346,0.6672043800354004
1.0841530561447144,0.8641948699951172
0.931410014629364,0.9328597187995911
1.3594796657562256,0.7214016318321228
0.7633988261222839,0.8941178321838379
0.5357339978218079,0.9142823815345764
0.6781889796257019,0.8882891535758972
0.7839810252189636,1.044987678527832
1.1693676710128784,0.9483965039253235
1.01528799533844,0.8393989205360413
0.9259429574012756,0.9041064977645874
1.3192440271377563,0.767117977142334
0.971746027469635,0.8533775210380554
1.1762996912002563,0.8556042909622192
1.7146090269088745,0.9283612370491028
1.3073370456695557,0.9636818170547485
0.6186890006065369,1.0704753398895264
2.298435926437378,1.0795185565948486
1.8082410097122192,1.1691138744354248
0.879414975643158,1.3260537385940552
1.5709450244903564,1.1970866918563843
1.5785160064697266,1.1681517362594604
0.6200309991836548,1.1859866380691528
0.9928810000419617,1.032220482826233
0.45518699288368225,1.0132770538330078
1.0173989534378052,1.0097174644470215
0.8378469944000244,0.7166234850883484
0.48847696185112,0.7020562887191772
1.2463409900665283,0.7075406908988953
1.2096309661865234,0.7704798579216003
1.2524510622024536,1.0092315673828125
1.5197269916534424,1.0341432094573975
1.063797950744629,1.1535518169403076
1.5714950561523438,0.9123743176460266
1.2781050205230713,1.1233681440353394
1.1920779943466187,1.2123463153839111
0.8304439187049866,1.067995309829712
1.4020156860351562,0.9084672927856445
1.1565040349960327,0.9780429601669312
1.1625548601150513,1.16860830783844
0.6007519960403442,1.0207682847976685
1.2538357973098755,0.87947016954422
1.7918440103530884,0.8264657855033875
1.7340625524520874,1.0109409093856812
4.939970970153809,1.2514104843139648
2.394351005554199,1.8133147954940796
2.212575912475586,2.004725933074951
1.8865269422531128,2.243884325027466
0.934382975101471,1.6844240427017212
0.9099829196929932,1.4828896522521973
0.8112999796867371,1.268204927444458
1.0497089624404907,1.0931053161621094
1.35178804397583,0.928010880947113
1.2773059606552124,1.0207937955856323
0.785444974899292,0.9820864796638489
0.4846230149269104,0.9026613831520081
0.667635977268219,0.8640405535697937
0.8322510123252869,0.6684430241584778
0.5959370136260986,0.9092771410942078
0.34108901023864746,0.7575231194496155
0.686011016368866,0.5652855038642883
0.8153510093688965,0.913811981678009
0.39854300022125244,0.8350558876991272
0.6998159885406494,0.7300034761428833
0.4263690114021301,0.6717231273651123
0.6866139769554138,0.5529637336730957
0.1826770007610321,0.5841662883758545
0.7018824815750122,0.4162958264350891
1.7966820001602173,0.6696638464927673
0.7204269766807556,1.0010110139846802
0.46806401014328003,0.8614649176597595
0.6408870220184326,0.7344864010810852
0.7520520091056824,1.1088565587997437
1.0018175840377808,0.7538434267044067
1.660804033279419,0.9042727947235107
1.4505950212478638,0.8941737413406372
1.085010051727295,0.9667041301727295
1.0995550155639648,1.25584876537323
0.7694180011749268,0.8633623719215393
1.2544304132461548,0.9673261642456055
1.4963209629058838,0.8828750848770142
0.7186369895935059,0.9216511845588684
0.890201985836029,1.128615140914917
0.9891759753227234,1.0095454454421997
2.8490145206451416,0.9813912510871887
4.2810750007629395,1.3333461284637451
1.2487390041351318,1.5818790197372437
0.7096589803695679,1.423479676246643
0.7497439980506897,1.5014259815216064
0.8907450437545776,1.184688687324524
1.4695279598236084,0.8030492663383484
1.608888030052185,1.197405219078064
1.0434609651565552,1.0168861150741577
1.184751033782959,1.042816162109375
0.5063725113868713,0.9333191514015198
0.6946156024932861,1.0606125593185425
0.9299110174179077,0.7853530049324036
0.7754629850387573,0.9554848074913025
0.8564696311950684,0.6567829251289368
0.9269009828567505,0.6928755640983582
0.7506660223007202,0.8490130305290222
0.9248849749565125,0.9629755020141602
1.0701626539230347,0.906948447227478
0.8752880096435547,1.0021921396255493
0.7511039972305298,0.8235026597976685
0.8627579808235168,0.8099797964096069
0.5096570253372192,0.8097109794616699
0.849524974822998,0.9236976504325867
0.6711369752883911,0.7682197690010071
0.6132180094718933,0.9112083911895752
0.38105499744415283,0.5559695959091187
0.871042013168335,0.7106401324272156
0.6540319919586182,1.0969599485397339
0.9089674353599548,0.9260052442550659
0.9709029793739319,0.822411835193634
0.9856919646263123,0.6755008101463318
1.3562562465667725,0.9925172924995422
1.3098729848861694,0.9186270236968994
0.6344919800758362,1.0054821968078613
0.5933508276939392,0.8877121806144714
0.8796380162239075,0.7910621166229248
1.1318364143371582,0.8098058104515076
1.8412740230560303,0.7595921754837036
2.2617459297180176,1.022140383720398
2.597975969314575,1.217976689338684
2.3991920948028564,1.7128127813339233
1.9822980165481567,1.330875039100647
2.269547939300537,1.562211513519287
2.017889976501465,1.701849341392517
1.452262043952942,1.6874635219573975
1.3427979946136475,1.612131953239441
1.3119150400161743,1.5479927062988281
1.2767620086669922,1.2490625381469727
1.2752670049667358,1.2342175245285034
1.2104460000991821,1.0756042003631592
0.8153480291366577,1.2119091749191284
0.7271119952201843,0.969326913356781
0.6043019890785217,1.1155823469161987
0.9830358624458313,0.7012233138084412
1.1015290021896362,0.6395689249038696
1.1837249994277954,0.7129068374633789
0.43564000725746155,1.0335359573364258
0.32700401544570923,1.1331121921539307
0.8039849996566772,0.5078270435333252
0.42168599367141724,0.41311806440353394
0.5734559893608093,0.7559365630149841
0.39594578742980957,0.4516352713108063
0.4163750112056732,0.44089004397392273
0.5603970289230347,0.30092209577560425
0.7749050259590149,0.7274349927902222
0.6370840072631836,0.7890316843986511
0.38392600417137146,0.5003194808959961
0.564873993396759,0.8736938238143921
1.0547150373458862,0.46211981773376465
0.6537709832191467,0.7961827516555786
0.5931029915809631,0.882946789264679
1.022608995437622,0.8555165529251099
0.8359869718551636,0.634992241859436
0.6375340223312378,0.675649881362915
0.9755985140800476,0.8764584064483643
0.48980802297592163,0.9078057408332825
1.098647952079773,0.5668157935142517
1.1511659622192383,0.607595682144165
0.8061249852180481,0.7325427532196045
0.47447702288627625,0.9968428015708923
0.7896029949188232,0.7449734210968018
0.4762530028820038,0.9571120738983154
0.5455229878425598,0.6246946454048157
0.6212809681892395,0.7295823693275452
0.7707700133323669,0.3777523636817932
0.9337069988250732,0.6526218056678772
0.8110550045967102,0.6782652139663696
0.6005529761314392,0.6679137349128723
1.00252103805542,0.56932133436203
0.8921650648117065,0.8983154892921448
0.9160849452018738,0.6461822390556335
0.7413420081138611,1.0028079748153687
0.9283249974250793,0.9063447117805481
0.6429409980773926,0.6794663071632385
0.9950090050697327,0.9432685971260071
0.6271365880966187,1.1408743858337402
1.0386890172958374,0.8205987811088562
0.6888009905815125,0.7278989553451538
0.5214130282402039,0.6352323293685913
0.6510270237922668,0.7321364283561707
1.159701943397522,0.9915162920951843
0.6456400156021118,0.8678251504898071
1.1958626508712769,0.743416965007782
1.304703950881958,1.0371512174606323
0.8844429850578308,1.0530439615249634
0.7697709798812866,0.88543301820755
0.7702100276947021,0.962708055973053
0.6418280005455017,0.8606480956077576
0.8937159776687622,1.0088448524475098
0.5247250199317932,0.8450387716293335
0.5142210125923157,0.8903539776802063
0.7172748446464539,0.5684384703636169
0.6410769820213318,0.7329180836677551
0.4689820110797882,0.5182608962059021
1.2037500143051147,0.9243952035903931
0.7911959886550903,0.6335684061050415
1.1363011598587036,0.765148937702179
0.8642929792404175,0.8016155362129211
0.8814030289649963,1.0231902599334717
0.5817409753799438,0.9033624529838562
0.865119993686676,0.5835418105125427
0.9078125357627869,0.6569981575012207
0.7377740144729614,0.6899178624153137
1.1203750371932983,0.880803108215332
0.9422479867935181,1.0228052139282227
1.0600600242614746,0.7237698435783386
0.7158420085906982,1.062752366065979
0.4040209949016571,0.6461063027381897
0.2920779883861542,0.5688837170600891
0.631792426109314,0.7226869463920593
1.1246652603149414,0.7239496111869812
1.1156909465789795,0.8834734559059143
1.247418999671936,0.6159071326255798
0.6976169943809509,0.8352627158164978
3.6939752101898193,0.7449074983596802
0.8204839825630188,1.345820665359497
0.8573070168495178,1.3632502555847168
0.69023597240448,1.2637434005737305
0.8385969996452332,0.8963825106620789
1.2877269983291626,1.0076743364334106
0.9632229804992676,1.1838494539260864
1.3432999849319458,0.7832104563713074
0.7316169738769531,1.2352374792099
0.6809219717979431,0.8134688138961792
0.7014784216880798,0.9295659065246582
0.6698030233383179,0.9442650079727173
1.36564302444458,0.8011937141418457
0.9781419634819031,0.6499831676483154
0.6786789894104004,0.7024097442626953
0.5976330041885376,0.7418220639228821
0.8193774819374084,0.6780158877372742
0.7911109924316406,0.7522254586219788
1.0441473722457886,0.9078364372253418
1.400015950202942,0.904658317565918
0.874862015247345,0.8737269043922424
0.6228179931640625,0.7919537425041199
0.716405987739563,0.9347236156463623
0.6523500084877014,0.7218864560127258
0.9379299879074097,0.6598027944564819
0.5936999917030334,0.7161223888397217
0.5393440127372742,0.6074186563491821
0.9370089769363403,0.4922046363353729
0.8087720274925232,0.8242911696434021
0.5654280185699463,0.717327892780304
0.6020820140838623,0.9096367955207825
1.1466799974441528,0.49379366636276245
0.9824250340461731,0.8081611394882202
0.5671510100364685,0.7211199998855591
0.7866399884223938,0.8403924107551575
0.7388439774513245,0.6477483510971069
0.6810299754142761,0.6150436997413635
0.7086979746818542,0.5694993138313293
0.6642330288887024,0.5283762216567993
0.5124790072441101,0.8658387660980225
0.6040380001068115,0.48510777950286865
0.6728799939155579,0.5596550703048706
0.8265414834022522,0.8975525498390198
0.4546860158443451,0.9150176644325256
0.5594509840011597,0.8754233717918396
0.1332218050956726,0.47199445962905884
0.16330699622631073,0.44056668877601624
0.17978604137897491,0.19532136619091034
0.5747918486595154,0.6196135878562927
0.8508148789405823,0.15538804233074188
0.8527640104293823,0.5202921628952026
1.6876280307769775,0.4928356111049652
2.149522066116333,0.7166348099708557
0.8122850060462952,1.11753511428833
1.2396399974822998,1.1189221143722534
2.1284372806549072,1.0722686052322388
2.1392390727996826,1.1253458261489868
0.9779880046844482,1.2872912883758545
0.6937779784202576,1.4439666271209717
0.7218790054321289,1.2070878744125366
0.7631160020828247,0.8468973636627197
0.8565329909324646,0.7426578998565674
1.1093380451202393,0.614910364151001
0.6476340293884277,0.6823818683624268
0.9241870045661926,0.9318511486053467
0.7877320051193237,0.719598650932312
1.3055670261383057,0.8467960357666016
0.9107710719108582,0.9294302463531494
0.8699640035629272,0.7276871800422668
0.5743020176887512,0.8726069927215576
0.8599532246589661,0.9741351008415222
0.4775850176811218,0.566449761390686
1.1080174446105957,0.5295944213867188
1.2907249927520752,0.5175119042396545
0.8591579794883728,0.7006468176841736
0.3058980107307434,0.7393327355384827
0.903901994228363,0.7065420150756836
0.6352750062942505,0.7303869128227234
1.0234229564666748,0.5790191888809204
0.6730669736862183,0.7119085788726807
0.850479006767273,0.5779898762702942
0.5141969919204712,0.6371878981590271
1.5279566049575806,0.7725979685783386
4.094385623931885,0.7999616265296936
0.9952359795570374,1.3749526739120483
0.867044985294342,1.543860673904419
1.1410560607910156,1.2878186702728271
1.622257947921753,1.0680502653121948
1.9802048206329346,1.1396788358688354
1.3755470514297485,1.261002540588379
1.8518649339675903,1.223288655281067
1.4209239482879639,1.4529187679290771
1.5891779661178589,1.2569952011108398
1.6731994152069092,1.46696937084198
2.123934030532837,1.421872615814209
1.6484019756317139,1.4981606006622314
1.2047419548034668,1.4841901063919067
0.7920839786529541,1.3995434045791626
1.227027416229248,1.0684255361557007
1.226951003074646,1.1452795267105103
1.131343960762024,1.0779355764389038
1.252465009689331,0.959851086139679
1.1168919801712036,1.0345968008041382
1.1223870515823364,0.9639791250228882
1.0401530265808105,1.0666683912277222
0.8091310262680054,0.9548220038414001
0.7681059837341309,0.8210000991821289
0.7982919812202454,0.8273486495018005
0.7666722536087036,0.7198962569236755
1.057360053062439,0.8138328790664673
0.8607699871063232,0.8588358163833618
1.0707770586013794,0.6841292381286621
0.5301510095596313,0.7638174891471863
0.6604189872741699,0.5150742530822754
0.990917980670929,0.8559004068374634
0.3561530113220215,0.6605799198150635
0.9618239402770996,0.6039153933525085
1.2448290586471558,0.5678222179412842
0.8381230235099792,0.7565490007400513
0.9245989918708801,0.6574950814247131
0.8131660223007202,0.9852567911148071
1.003061056137085,0.6538875102996826
0.8752340078353882,0.9613243341445923
0.7991399765014648,0.8375693559646606
0.8812961578369141,0.7293086647987366
1.0630801916122437,0.6712433695793152
0.9057049751281738,1.1949477195739746
0.6909559965133667,0.7591512203216553
1.355970025062561,0.7232348322868347
0.7572399973869324,0.8366410136222839
2.0437545776367188,0.831317126750946
0.8576130270957947,1.1199841499328613
2.364957094192505,1.0719258785247803
4.1792311668396,1.260643720626831
2.2335619926452637,2.018265962600708
0.8013390302658081,2.073913812637329
0.8372840285301208,1.5221526622772217
0.8851529955863953,1.3919531106948853
0.9040349125862122,1.0538469552993774
1.302939534187317,0.9521530866622925
0.7228699922561646,0.8629316687583923
0.8009120225906372,0.7995846271514893
1.0329192876815796,0.7073426842689514
1.321628212928772,0.6951849460601807
0.9367759227752686,1.1121582984924316
0.7007700204849243,0.8790939450263977
0.7624319791793823,0.8489087820053101
1.1449389457702637,1.0780439376831055
0.7721610069274902,0.7265704870223999
0.8772150278091431,0.6988217234611511
1.2435050010681152,0.8455236554145813
0.6381840109825134,0.8423752784729004
0.7468199729919434,0.7386798858642578
0.6839929819107056,0.8263229727745056
1.4195051193237305,0.796339213848114
0.6141470074653625,0.7865323424339294
0.7347676753997803,0.7721613645553589
0.6770560145378113,0.7768664360046387
1.0740269422531128,0.7533530592918396
0.6156389713287354,0.7213556170463562
0.9692379832267761,0.8116699457168579
0.9916120767593384,0.6914072036743164
0.8089560270309448,0.8353914022445679
2.4351439476013184,0.9976087808609009
0.8223479986190796,1.1524771451950073
0.5938220024108887,1.0615370273590088
0.5762249827384949,0.9926687479019165
0.42242398858070374,0.8315576314926147
0.6765879988670349,0.814765989780426
0.5520349740982056,0.7148425579071045
0.9015229940414429,0.5243350863456726
0.7489960193634033,0.7109154462814331
0.8627583980560303,0.5467120409011841
0.9480750560760498,0.7490206360816956
1.0556138753890991,0.777460515499115
1.9700199365615845,1.1043469905853271
0.9391199350357056,1.0116097927093506
1.0090429782867432,0.9741824269294739
0.7824029922485352,1.0164577960968018
1.0162650346755981,1.0029535293579102
0.8782749772071838,1.0310012102127075
0.7353619933128357,0.6542826890945435
1.1099909543991089,0.6012905240058899
0.7727199792861938,0.9197690486907959
1.1649819612503052,0.7022356390953064
0.7157210111618042,0.6631078124046326
1.475479006767273,0.9227784276008606
0.8354520201683044,1.071439266204834
0.734466016292572,0.9505526423454285
0.786192774772644,1.0225186347961426
1.1434650421142578,0.6988993287086487
0.9246990084648132,0.9092361330986023
2.9587645530700684,0.7960859537124634
2.138324022293091,1.2767395973205566
2.0387120246887207,1.294490098953247
1.4802099466323853,1.761817455291748
0.9367650151252747,1.3963007926940918
1.7159397602081299,1.3521429300308228
1.0014020204544067,1.2280480861663818
0.8896229267120361,1.060735821723938
0.7492939829826355,1.1842460632324219
1.11518394947052,0.9828923940658569
0.945781946182251,0.9686781764030457
0.645218014717102,0.7488575577735901
1.1648420095443726,0.7035925984382629
1.2443510293960571,0.6755174398422241
0.904511034488678,0.8368589878082275
0.5575259923934937,0.8935704231262207
0.5778343677520752,0.9165988564491272
0.7199835777282715,1.0454484224319458
0.7607790231704712,0.526661217212677
0.540440022945404,0.8096513748168945
0.800967276096344,0.6993522047996521
0.7710149884223938,0.926781952381134
0.6709719896316528,0.558564305305481
2.768970489501953,0.576279878616333
3.0861330032348633,1.1175137758255005
1.1163580417633057,1.671888828277588
1.0182609558105469,1.6662434339523315
0.7442610263824463,1.472800374031067
1.114386796951294,1.093095064163208
1.3805164098739624,1.013329029083252
1.2290984392166138,1.144128441810608
1.5732389688491821,1.0415276288986206
1.2455979585647583,1.1612628698349
0.8298619985580444,1.1999222040176392
0.5376980304718018,1.031542420387268
0.8593800067901611,1.0111016035079956
0.7949647903442383,0.897456705570221
0.8122889995574951,0.9209309220314026
1.209460973739624,1.0224380493164062
1.0436110496520996,0.8017581105232239
0.9914459586143494,0.9967262744903564
1.3776459693908691,0.8888445496559143
0.7495359778404236,0.8907927870750427
0.7549669742584229,0.8686026930809021
0.8522210121154785,0.9496580362319946
1.3126280307769775,0.8805738687515259
0.9499999284744263,0.8827332258224487
0.8433979749679565,0.9442269802093506
0.6329939961433411,0.7681398391723633
0.6848490238189697,0.5792950391769409
0.8296039700508118,0.6781213283538818
1.1177760362625122,0.633021891117096
1.06051504611969,0.702429473400116
0.9966710209846497,0.7732996344566345
0.6726049780845642,0.7978793978691101
0.8499810099601746,0.7981513738632202
0.7929700016975403,0.663412868976593
0.7509549856185913,0.6487956047058105
0.9556260704994202,1.1298811435699463
0.6085839867591858,0.722928524017334
0.778249979019165,0.5407102108001709
0.5098140239715576,0.6473902463912964
0.6364319920539856,0.48110124468803406
0.6015599966049194,0.6073603630065918
0.6556333899497986,0.3606034219264984
0.6385549902915955,0.7874059081077576
0.8762890100479126,1.1258060932159424
0.7967479825019836,0.6562084555625916
0.6824830174446106,0.7683573365211487
0.8025500178337097,0.9042483568191528
0.7950311899185181,0.5256962180137634
1.5848970413208008,0.7074871063232422
1.0174859762191772,0.7295098304748535
0.9177780151367188,0.896808385848999
1.2302210330963135,0.9159523844718933
1.0278990268707275,0.9520577788352966
0.9125559329986572,0.8360682129859924
0.7935979962348938,0.8831596970558167
1.03043794631958,0.8297733068466187
0.5325379967689514,0.8155141472816467
0.6127780079841614,0.7309237122535706
0.8741289973258972,0.6134814620018005
0.3667230010032654,0.5594964027404785
0.739175021648407,0.7468329668045044
0.5604230165481567,0.48886048793792725
0.7758178114891052,0.6665629148483276
0.8102909922599792,0.4661688208580017
0.6437510251998901,0.7523790597915649
0.7236457467079163,0.7573221921920776
0.9113870859146118,0.6420340538024902
0.6627830266952515,0.9559922218322754
1.0020359754562378,0.9235122203826904
0.8224419951438904,0.7206197381019592
1.0305769443511963,0.9502753019332886
0.6781139969825745,0.8552137613296509
0.5333459973335266,0.9113268256187439
0.3209959864616394,0.8271398544311523
0.7608630061149597,0.4606248140335083
0.7439860105514526,0.6422776579856873
0.5468400120735168,0.6418660283088684
0.7004669904708862,0.650179386138916
0.8356525897979736,0.5956782698631287
1.2742589712142944,0.5679023861885071
0.8934450149536133,0.8948436379432678
0.6211659908294678,0.8341955542564392
0.7900159955024719,1.0104535818099976
1.0674949884414673,0.7591038346290588
0.6698009967803955,0.6555293202400208
1.2656949758529663,0.85548335313797
0.6380620002746582,0.9033222198486328
0.9348030686378479,0.9755082726478577
0.8006410002708435,0.8257013559341431
1.0857089757919312,0.7219522595405579
0.3527039885520935,0.9969278573989868
0.5883709788322449,0.6318569779396057
0.4875420033931732,0.4277552664279938
0.4636880159378052,0.3701353073120117
0.36370399594306946,0.36121106147766113
0.8750243186950684,0.41562366485595703
0.6435279846191406,0.48524633049964905
0.48341304063796997,0.6166796684265137
0.21208900213241577,0.7331628799438477
0.4560469686985016,0.3179939091205597
0.43679100275039673,0.1552785187959671
0.723880410194397,0.21155984699726105
0.556069016456604,0.6473732590675354
0.47484299540519714,0.47807326912879944
0.2674640119075775,0.2522539794445038
0.9588437080383301,0.26132842898368835
0.7868980169296265,0.6174487471580505
1.7943609952926636,0.6056226491928101
1.3376779556274414,0.8842062950134277
1.210453987121582,1.179309368133545
0.5654799938201904,0.9934939742088318
0.4008429944515228,0.7763895988464355
0.27276548743247986,0.624335765838623
0.5836449861526489,0.7062734365463257
0.8533802628517151,0.5339412093162537
0.8660610318183899,0.7004076242446899
1.1583499908447266,0.6881963014602661
0.7764859795570374,0.7394417524337769
1.0688070058822632,0.6758270859718323
0.5888479948043823,0.8207273483276367
1.588868498802185,0.7038071155548096
0.4327859878540039,0.934632420539856
0.399603009223938,0.722033679485321
0.5545349717140198,0.7393747568130493
0.6221979856491089,0.8239585161209106
1.1495519876480103,0.42309820652008057
1.1212600469589233,0.6679385900497437
0.977645993232727,0.786594569683075
1.7327419519424438,0.7746427059173584
2.3027079105377197,1.0052638053894043
1.0534770488739014,1.2820333242416382
0.796280026435852,1.3305230140686035
0.5203329920768738,1.151859998703003
0.610480010509491,0.9164115190505981
0.44530579447746277,0.764517068862915
0.6522138714790344,0.7531740665435791
1.1755411624908447,0.6679849028587341
1.032202124595642,0.7133418917655945
0.7193930149078369,0.7170580625534058
0.8200139999389648,0.9240208268165588
0.9497330188751221,0.9358038306236267
1.0391149520874023,0.7017821669578552
0.5883830189704895,0.9676903486251831
0.9508559703826904,1.101517677307129
0.5277600288391113,0.8939483165740967
0.7736063003540039,0.8371739983558655
0.9703559875488281,0.8022456169128418
1.38388991355896,1.0153378248214722
0.7795230150222778,0.9274886846542358
0.6069999933242798,0.7588325142860413
0.46605703234672546,0.8061805963516235
0.9455270171165466,0.7247875928878784
0.6238729953765869,0.9023076295852661
0.3923240005970001,0.7730323076248169
0.515654981136322,0.6202239394187927
0.9679386019706726,0.7479299306869507
1.3565659523010254,0.4414212107658386
0.9072689414024353,0.9579444527626038
0.8162760138511658,0.9828229546546936
2.4798669815063477,0.8111088275909424
1.133080005645752,1.0542625188827515
1.045583963394165,0.9586426019668579
0.8474370241165161,0.9897607564926147
1.5365229845046997,1.025183916091919
0.9008989930152893,0.8938705921173096
0.4812009632587433,0.8666833639144897
0.8572540283203125,1.040514588356018
0.8617479801177979,0.6703973412513733
1.008694052696228,0.6167587041854858
1.1277270317077637,0.6498499512672424
0.7795569896697998,1.1042958498001099
0.9895502924919128,0.7833022475242615
0.8363329768180847,0.9598042368888855
0.9099559187889099,0.9039468169212341
0.5511059761047363,0.9069031476974487
1.2397643327713013,0.574259340763092
1.211838960647583,0.5892310738563538
1.3799819946289062,0.9847570657730103
1.1484609842300415,0.8865708708763123
0.7663900256156921,1.1968843936920166
0.9660840034484863,0.9248738288879395
0.8156750202178955,0.8191728591918945
1.14227294921875,0.835462749004364
1.2994799613952637,0.8823813199996948
0.858331024646759,1.0846531391143799
0.714946985244751,1.1098111867904663
0.8764400482177734,0.7558872103691101
0.8305460214614868,0.8843982219696045
0.8535240292549133,0.7761504054069519
0.9092410206794739,0.6618853807449341
0.5202720165252686,0.7492761611938477
0.741104006767273,0.847836434841156
0.5853319764137268,0.7839116454124451
0.5047770142555237,0.7976638674736023
0.5519493222236633,0.386903315782547
0.9697519540786743,0.6613368391990662
1.1165159940719604,0.6000221371650696
1.0498449802398682,0.759629487991333
0.6342629790306091,0.9602035880088806
0.5644329786300659,0.794441819190979
0.9184709191322327,0.9742496013641357
0.9593539834022522,0.6843380928039551
0.5984159708023071,0.8226444721221924
0.9383449554443359,0.5955618023872375
0.45422500371932983,0.6227993965148926
0.7079470157623291,0.7893944978713989
0.3876500129699707,0.572666585445404
0.4484339952468872,0.3871651589870453
0.8405709862709045,0.7343916893005371
0.5337110161781311,0.822725236415863
0.7211350202560425,0.5690482258796692
0.5215386152267456,0.8802670836448669
0.7050759792327881,0.5926633477210999
0.6405649781227112,0.514125645160675
0.5168589949607849,0.9679739475250244
1.6604094505310059,0.5317350625991821
2.4653079509735107,1.0770279169082642
1.622156023979187,1.107036828994751
1.8662701845169067,1.1887269020080566
3.6235361099243164,1.2367323637008667
0.7948709726333618,2.020446538925171
0.9065990447998047,1.7093439102172852
0.8571879863739014,1.2858768701553345
0.7756379842758179,1.2631345987319946
0.7006700038909912,0.858662486076355
0.644340991973877,0.7084240913391113
0.757955014705658,0.7127399444580078
0.5499600172042847,0.5986210703849792
0.4964669942855835,0.6089621186256409
1.3676775693893433,0.5406796932220459
1.397894024848938,0.8736739754676819
0.8148130178451538,1.0763376951217651
1.2788989543914795,1.0141581296920776
0.8623980283737183,0.8716840147972107
1.093865990638733,0.9715935587882996
0.8134710192680359,0.8889347314834595
1.4666870832443237,0.8508879542350769
0.9060310125350952,0.8556421995162964
0.7652140259742737,0.8485214710235596
1.3110339641571045,0.8636918663978577
0.7892500162124634,0.760719895362854
1.4749020338058472,0.6880101561546326
0.916784942150116,1.0520992279052734
1.1861400604248047,0.9704212546348572
1.4113919734954834,1.166906476020813
2.0924720764160156,1.0202440023422241
0.7189220190048218,1.2375926971435547
1.301861047744751,1.116361379623413
1.268974781036377,1.1412501335144043
1.2219970226287842,1.0345290899276733
0.9061110019683838,1.0688612461090088
1.0788739919662476,0.9410029053688049
1.0280250310897827,0.913172721862793
0.7863690257072449,0.8968008756637573
1.2768529653549194,0.8783956170082092
0.7093420028686523,0.8239808082580566
0.5201929807662964,0.9629274010658264
0.5645610094070435,0.7092992663383484
0.9855200052261353,0.8271711468696594
1.0928419828414917,0.909015417098999
0.478689968585968,0.7218444347381592
0.39550599455833435,0.8192067742347717
1.8507031202316284,0.914944589138031
1.195796012878418,0.9172720909118652
1.7025108337402344,0.901690661907196
2.9983510971069336,1.191696047782898
2.407080888748169,1.440377116203308
2.5859439373016357,1.6380561590194702
2.2338390350341797,2.0549802780151367
1.6557730436325073,1.8679425716400146
1.43061101436615,1.9179928302764893
0.8921740651130676,1.4761993885040283
1.2316969633102417,1.187990665435791
0.8955079317092896,1.205595850944519
1.602033019065857,1.0719218254089355
1.5853990316390991,1.0264405012130737
1.2320599555969238,1.0821881294250488
1.2103710174560547,1.2125533819198608
1.2421410083770752,1.2288713455200195
0.9857039451599121,1.1722012758255005
0.7289689779281616,1.0124841928482056
0.6761519908905029,0.9681686162948608
1.07157301902771,0.7233645915985107
0.9457439184188843,0.9624056816101074
0.43763700127601624,0.9552323222160339
0.5141820311546326,0.5879520177841187
0.3387190103530884,0.4693872332572937
0.7144280076026917,0.8586167097091675
0.4996199905872345,0.4959380626678467
0.791737973690033,0.7798868417739868
0.8646243214607239,0.38756459951400757
0.6024960279464722,0.820879340171814
1.2600699663162231,0.9368119239807129
1.0123399496078491,0.604740560054779
1.0045289993286133,0.7214840054512024
0.6310235261917114,0.7688659429550171
1.141221046447754,0.9659403562545776
0.5426099896430969,0.9972259998321533
0.8547459840774536,1.0783193111419678
0.7744219899177551,0.7605746388435364
0.30843400955200195,0.6343991160392761
0.8376209735870361,0.6322934627532959
0.7293469905853271,0.909945011138916
0.7503905892372131,0.7417184710502625
1.1348220109939575,0.5888423919677734
1.614240050315857,0.9368994235992432
1.2447930574417114,0.8794434666633606
0.7141630053520203,0.9372506737709045
0.7293040156364441,0.892767608165741
0.6486989855766296,0.8027380704879761
0.34279900789260864,0.6533883213996887
0.38618600368499756,0.6180216670036316
0.6366299986839294,0.44638368487358093
0.39904800057411194,0.4139740467071533
0.41788598895072937,0.44504132866859436
1.103790521621704,0.3155611455440521
0.6956189870834351,0.9101294279098511
0.807013988494873,0.7971791625022888
0.5947690010070801,0.8253926038742065
1.1076079607009888,0.6603078246116638
0.9713580012321472,0.890442967414856
0.7170349955558777,0.9986516237258911
0.6764810085296631,0.7018981575965881
1.6877729892730713,0.8720008730888367
0.9907569885253906,0.8767454624176025
0.8082039952278137,0.9408530592918396
1.0877189636230469,0.8760151267051697
1.564818024635315,0.8806926608085632
0.6673809885978699,0.9828147888183594
1.2564899921417236,1.078683853149414
1.091886043548584,0.9505718946456909
0.7375509738922119,0.8719944357872009
0.6224380135536194,0.9589273929595947
0.8364729881286621,0.75655597448349
0.577426016330719,0.6859339475631714
1.0157610177993774,0.9189684391021729
1.106158971786499,0.9207562804222107
0.6945540308952332,0.787649929523468
1.130903959274292,0.7857675552368164
0.95182204246521,0.8569450974464417
0.7524570226669312,0.861436128616333
0.5585229992866516,0.8304402828216553
1.4158363342285156,0.8286656737327576
1.8552981615066528,0.9212862849235535
0.7845479846000671,0.9832249879837036
0.8210539817810059,1.0384174585342407
0.5835890173912048,1.0423661470413208
0.835972011089325,0.6250897645950317
2.1846630573272705,1.163443684577942
0.6805480122566223,1.125615119934082
1.2389049530029297,0.9121088981628418
1.0303280353546143,1.1873692274093628
0.7914109826087952,1.2687712907791138
0.8423720002174377,0.7535929679870605
0.4464710056781769,0.7098283171653748
0.5589337944984436,0.593205988407135
0.7099329829216003,0.4553571045398712
0.7334340214729309,0.5283362865447998
0.7833399772644043,0.4097232222557068
0.8426809906959534,0.6642833948135376
1.0997610092163086,0.5379123091697693
0.8706315755844116,0.7108058929443359
0.5862460136413574,1.1980732679367065
0.8863990306854248,0.9686378240585327
1.0193990468978882,0.6716855764389038
0.849361002445221,0.7704590559005737
1.0106669664382935,0.7343342304229736
1.3315160274505615,0.8564138412475586
1.2150089740753174,0.7475191950798035
1.6455910205841064,0.8748951554298401
0.9708779454231262,1.0255272388458252
1.4112720489501953,0.9759141802787781
0.7953929901123047,1.256352186203003
1.0463310480117798,0.8950346112251282
0.8879339694976807,0.9507334232330322
0.8349300026893616,0.9124577641487122
0.98471999168396,0.7423317432403564
1.0903940200805664,0.8307621479034424
0.49016499519348145,0.834317147731781
0.6141669750213623,0.8470447063446045
0.6314740180969238,0.7064463496208191
0.8252440094947815,0.5620924830436707
1.0514509677886963,0.5643824934959412
1.0471149682998657,0.7446931600570679
0.39214301109313965,0.8789554834365845
0.46951502561569214,0.9683820605278015
0.7720900177955627,0.6527217626571655
0.7520099878311157,0.8122668862342834
0.687739372253418,0.7447671294212341
0.6718119978904724,0.9540625810623169
1.185933232307434,0.5507144927978516
0.6571980118751526,0.7502233386039734
0.8213180303573608,0.7638028264045715
0.7795739769935608,0.8054843544960022
1.030122995376587,0.7358736395835876
0.6211889982223511,0.7161031365394592
0.8660820126533508,0.7155358791351318
0.9608931541442871,0.6972324252128601
0.67603999376297,0.7427337169647217
0.7402380108833313,0.8313162922859192
0.5984709858894348,0.642681360244751
0.6151059865951538,0.8195170164108276
0.9358735084533691,0.5058198571205139
0.581824779510498,0.626115083694458
0.7156659960746765,0.6557971835136414
0.6529520153999329,0.5807532668113708
0.9700022339820862,0.522584855556488
0.7834500074386597,0.6321086287498474
0.7448130249977112,0.6507698893547058
0.8276180028915405,0.8075724840164185
0.8943400979042053,0.9262276887893677
2.505017042160034,0.6471185684204102
1.6207120418548584,1.08839750289917
1.4175859689712524,1.27071213722229
1.0498720407485962,1.230043649673462
1.226507544517517,1.1334842443466187
1.0431790351867676,1.040026068687439
0.9694439768791199,1.0457712411880493
0.819225013256073,0.9270995855331421
0.8129550218582153,0.7894821763038635
0.6712080240249634,0.8032079339027405
0.5289899706840515,0.9659274816513062
0.34619301557540894,0.8959296345710754
0.4789489805698395,0.5314716100692749
1.153810977935791,0.6954456567764282
0.9671270847320557,0.7454405426979065
0.7845839858055115,0.8574484586715698
0.4701859951019287,0.9784789085388184
0.5632782578468323,0.6309584975242615
0.24162399768829346,0.5493372678756714
0.27098599076271057,0.5617156624794006
0.1994680017232895,0.32817667722702026
0.13271699845790863,0.06515676528215408
0.4732620120048523,0.45722371339797974
0.6585559844970703,0.16040198504924774
0.9621880054473877,0.48729389905929565
0.5111979842185974,0.8138858079910278
0.9829789400100708,0.8527237772941589
0.9100099205970764,0.6242300271987915
1.026576042175293,0.7452096939086914
0.830938994884491,1.042306900024414
0.9651919603347778,0.7255908250808716
1.0005439519882202,0.8906463384628296
1.9831851720809937,0.974848210811615
1.2748550176620483,1.0561802387237549
1.2865259647369385,1.0561649799346924
1.3822449445724487,1.139264464378357
1.7369240522384644,1.1771973371505737
1.2576680183410645,1.2306654453277588
0.7533379793167114,1.2535340785980225
1.0849089622497559,1.0592870712280273
1.0624940395355225,1.1681517362594604
0.7787629961967468,0.9497392773628235
0.8256469964981079,0.8657090663909912
0.9891829490661621,1.0294432640075684
1.4180920124053955,0.80880206823349
1.1516779661178589,1.0049242973327637
1.250364065170288,1.0406885147094727
0.8794019818305969,0.9817652702331543
1.0894230604171753,1.1057180166244507
1.8090629577636719,0.9317579865455627
0.8687390089035034,1.0745900869369507
0.8521729707717896,1.0291353464126587
1.307837963104248,1.030895709991455
1.2625759840011597,1.083789587020874
0.760155975818634,1.0276877880096436
1.0698870420455933,0.9998012185096741
0.8579840064048767,1.0194058418273926
1.1493239402770996,0.7627118825912476
1.0671429634094238,0.9475921392440796
0.7400619983673096,0.9615349173545837
0.6799880266189575,0.9567029476165771
0.7323921322822571,0.7718015909194946
0.8352749943733215,0.89002925157547
0.6000829935073853,0.6830148100852966
1.0105639696121216,0.5918487906455994
0.7613970041275024,0.8974355459213257
0.7260069847106934,0.6629071831703186
1.0643240213394165,0.5919843912124634
0.5901079773902893,0.6701699495315552
0.7744659781455994,0.680229127407074
0.7406870126724243,1.0091100931167603
0.8908360004425049,0.5711263418197632
0.7620100975036621,1.11623215675354
0.7774500250816345,0.8803462982177734
0.5811070203781128,0.6138951778411865
0.7908779978752136,0.5952106714248657
0.8903719782829285,0.7595911622047424
0.7882059812545776,0.8584660887718201
0.7301949858665466,0.899442195892334
0.924893319606781,0.8740381002426147
1.2655869722366333,0.6622565388679504
0.7884140014648438,0.8119701147079468
0.9180610179901123,0.7471053600311279
0.6569269895553589,0.7732628583908081
0.825268030166626,0.6794770359992981
0.42572298645973206,0.6081957221031189
0.9114630222320557,0.5473778247833252
0.7238519787788391,0.5811367034912109
0.9657319188117981,0.867262601852417
0.7194200158119202,0.6734842658042908
0.7146480083465576,0.5980092883110046
0.6188799738883972,0.7740266919136047
0.8502969741821289,0.527223527431488
0.6113014817237854,0.6960386633872986
0.8405809998512268,0.533856987953186
0.5909900069236755,1.0145862102508545
1.1918078660964966,0.8227773904800415
1.0724780559539795,0.9937666654586792
0.7976800203323364,1.0662599802017212
0.7140370011329651,0.84893798828125
0.8885610699653625,0.9806910753250122
0.7367290258407593,0.7072970271110535
0.9655410051345825,0.7254148125648499
0.8569459915161133,0.7368886470794678
0.5838339924812317,0.8095775842666626
3.0475621223449707,0.7384310960769653
0.8865389823913574,1.176550030708313
1.1864609718322754,1.129862666130066
0.8750730156898499,1.2308564186096191
1.1119730472564697,1.0841708183288574
0.6929270029067993,1.0714173316955566
0.5632749795913696,1.0798357725143433
0.5519689917564392,0.6493496298789978
0.9211350083351135,0.7107304334640503
0.5465030074119568,0.5605525970458984
0.9997850656509399,0.7701108455657959
0.7512239813804626,0.7498027086257935
0.8402569890022278,0.8622525930404663
0.7843149900436401,0.7832043766975403
0.5915480256080627,0.822744607925415
0.6109840273857117,0.6504718661308289
0.9328789710998535,0.8760194182395935
0.799202024936676,0.8564204573631287
0.9833549857139587,0.7925922870635986
0.5405290126800537,0.7011693120002747
1.0936700105667114,1.0188697576522827
0.9266330003738403,0.7339085936546326
0.7972419857978821,0.8153188824653625
0.589605987071991,0.8766999244689941
0.7799540162086487,1.0826462507247925
0.5182790160179138,0.8472489714622498
0.7263879776000977,0.82175612449646
0.621636688709259,0.9071436524391174
0.8810679912567139,0.4758318364620209
0.7315016984939575,0.5963631868362427
0.9703850150108337,0.6593559384346008
0.8715350031852722,0.6002830862998962
0.550574004650116,0.7070571184158325
0.25762999057769775,0.6261106133460999
0.6952109932899475,0.5073334574699402
0.35474300384521484,0.41704946756362915
1.308350920677185,0.4251401424407959
1.4247100353240967,0.7893288135528564
2.422243118286133,0.7310419678688049
1.5880931615829468,1.1785733699798584
2.882889986038208,1.2655423879623413
1.5108100175857544,1.5781596899032593
0.5103110074996948,1.4105268716812134
0.6637499928474426,1.4330730438232422
0.5865659713745117,1.0203872919082642
0.9182999730110168,0.6943344473838806
1.1263630390167236,0.6444229483604431
0.9455380439758301,0.6784671545028687
0.7979699969291687,0.8617876768112183
0.8895260691642761,1.0313411951065063
0.5017459988594055,0.9027836322784424
0.7889080047607422,0.8396050930023193
0.5571460127830505,0.7778578400611877
0.8079270124435425,0.8218108415603638
0.7382910251617432,0.926845371723175
0.6742079854011536,0.5894632339477539
0.8787713646888733,0.7219778299331665
0.7401880025863647,0.6302487254142761
0.8886500000953674,0.6080635190010071
0.7983270287513733,0.7360051870346069
0.5137799978256226,0.8775786757469177
0.7760372757911682,0.6875715851783752
0.8528280258178711,0.8175718188285828
0.7851629853248596,0.7839642763137817
0.8431609869003296,0.9093010425567627
1.02479887008667,1.0254273414611816
0.804427981376648,0.7188089489936829
0.8841310143470764,0.7668389678001404
0.3615649938583374,1.1681517362594604
1.171491026878357,0.8449518084526062
0.4477909803390503,0.9438527226448059
0.7665730118751526,0.6369137763977051
0.7735599875450134,0.8777166604995728
1.0548230409622192,0.5977460741996765
0.7843300104141235,0.8307240009307861
1.0342509746551514,0.7403950095176697
1.096979022026062,0.8092713952064514
0.7633029818534851,0.7821475863456726
0.5883730053901672,0.8067839741706848
0.6365630030632019,0.7962068915367126
0.5750700235366821,1.1080516576766968
0.5399640202522278,0.8527236580848694
1.3246711492538452,0.781234085559845
0.8178460001945496,0.6358067393302917
0.6359609961509705,0.8573906421661377
0.8135920166969299,0.6454234719276428
0.9872140288352966,0.7316761612892151
0.9839290380477905,0.7573586702346802
0.5904790163040161,0.9457502961158752
0.8986789584159851,0.9553587436676025
0.626800000667572,0.723802924156189
0.6926850080490112,0.9050698280334473
0.5757049918174744,0.5386337637901306
0.676468014717102,0.5171344876289368
0.8279470205307007,0.5009664297103882
0.6547859907150269,0.669739305973053
1.0858155488967896,0.6269242763519287
0.8509550094604492,0.9203416109085083
0.887935996055603,0.7844746708869934
0.6557850241661072,0.8995333909988403
0.6597809791564941,0.7094946503639221
0.8856279850006104,0.6320175528526306
0.7502999901771545,0.6936054825782776
0.9303160309791565,0.6671488881111145
0.7259460091590881,0.6718026399612427
0.7123904824256897,0.7993085980415344
0.93265700340271,0.5613794326782227
0.6544970273971558,0.9649664759635925
0.4987269639968872,0.5686926245689392
0.9782410264015198,0.7057712078094482
0.5593240261077881,0.5600413084030151
0.873399019241333,0.7930210828781128
0.6232500076293945,0.5466112494468689
0.6319249868392944,0.6070957183837891
0.8335350155830383,0.9180660247802734
0.8613430261611938,0.5955380797386169
1.0360130071640015,0.8521812558174133
0.6160370111465454,0.757882833480835
0.9874529242515564,0.6687502264976501
0.6686739921569824,0.7717060446739197
0.6455339789390564,0.6146713495254517
1.0070300102233887,0.9544156789779663
0.7763000130653381,0.9941457509994507
0.9358489513397217,0.7232292294502258
0.6626719832420349,0.7710924744606018
1.1133519411087036,0.7499691247940063
0.5495319962501526,0.7383223176002502
0.9273632764816284,0.8741992712020874
0.8215330243110657,0.8951549530029297
0.9193540811538696,0.7621402144432068
0.689985990524292,0.6449152827262878
0.649773895740509,0.9660196900367737
0.9705050587654114,0.60481858253479
0.8034440279006958,0.9165706634521484
0.8920990824699402,0.9267762899398804
0.7462270259857178,0.8962683081626892
1.4954074621200562,0.7622964382171631
0.7597569823265076,0.8512585759162903
0.9677280187606812,0.7913751602172852
1.1260110139846802,0.830597996711731
0.7641419768333435,0.8570809364318848
1.4238189458847046,0.9148298501968384
0.8309190273284912,0.9385637640953064
0.5316870212554932,0.8741841912269592
0.6942920088768005,0.9750106930732727
1.097100019454956,0.988562285900116
0.862371027469635,0.8134554028511047
0.9711960554122925,0.9010736346244812
0.7501904964447021,0.8654674887657166
0.5659890174865723,0.692611575126648
0.7235890030860901,0.8304599523544312
1.0888769626617432,0.8236191868782043
0.2614549994468689,0.9809130430221558
0.19231680035591125,0.569334864616394
0.20483900606632233,0.3999200165271759
0.37529999017715454,0.8499654531478882
0.18789100646972656,0.1654033362865448
0.4178839921951294,0.32483163475990295
0.6128349900245667,0.33958151936531067
0.48221004009246826,0.4466111958026886
0.813664972782135,0.4366305470466614
0.8997990489006042,0.6871914863586426
0.7667459845542908,0.5141526460647583
0.6762999892234802,0.8922829031944275
0.9804093241691589,0.5678896903991699
1.0755330324172974,0.5873914957046509
0.6459739804267883,0.8465171456336975
0.7601699829101562,0.8329390287399292
0.8707180023193359,0.6131896376609802
1.0455570220947266,0.8775851130485535
0.4832339882850647,0.880376398563385
1.085988998413086,0.6606921553611755
0.7320979833602905,0.9929065704345703
0.7128990292549133,0.676762580871582
1.0453890562057495,0.6280311942100525
0.7359200119972229,0.9719383120536804
0.8956930041313171,0.6933392286300659
0.874550998210907,1.0596446990966797
0.9237470030784607,0.6564549207687378
0.9997780323028564,0.7649803161621094
1.7395340204238892,0.9677616357803345
0.8107889890670776,1.1224182844161987
0.7049050331115723,1.0273995399475098
0.8328269720077515,1.0141267776489258
0.8276600241661072,0.7984593510627747
0.8953109383583069,0.8489611148834229
1.459501028060913,0.9692214727401733
1.1795190572738647,0.7596158385276794
1.443411946296692,1.1512800455093384
1.3067350387573242,1.0296638011932373
0.7634999752044678,1.2116941213607788
1.1451480388641357,1.1537444591522217
0.7253450155258179,1.1502764225006104
0.763359010219574,0.8460724353790283
0.6174820065498352,0.7872069478034973
1.0293229818344116,1.1116784811019897
1.3020559549331665,0.930565357208252
3.1641249656677246,0.7163040041923523
0.9734439849853516,1.2102408409118652
1.2296710014343262,1.3160037994384766
0.7441530227661133,1.3811211585998535
1.0630340576171875,1.037153720855713
1.1238720417022705,1.0461167097091675
0.8984769582748413,0.9670336246490479
0.7175139784812927,0.8334959745407104
0.5367509722709656,0.8313692808151245
1.1754430532455444,0.7019663453102112
1.1010489463806152,0.9497810006141663
0.5734490156173706,0.7303262948989868
1.4311449527740479,0.775848388671875
1.0377949476242065,0.8956493735313416
0.6568620204925537,0.8787208199501038
1.0749080181121826,0.7878462076187134
1.385972023010254,0.7631056904792786
1.0048049688339233,1.005969524383545
1.6095399856567383,0.8549221158027649
2.8175759315490723,1.1718302965164185
1.9625624418258667,1.4231919050216675
1.2797520160675049,1.557393193244934
1.9953300952911377,1.2642902135849
2.033385992050171,1.426353931427002
1.3074439764022827,1.60489022731781
1.6112580299377441,1.3637129068374634
2.0402181148529053,1.316528081893921
2.1832449436187744,1.3073711395263672
1.351415991783142,1.63276207447052
0.7242180109024048,1.399087905883789
1.363389015197754,1.1765668392181396
1.5268089771270752,1.086637020111084
1.7840195894241333,1.1907154321670532
1.1035970449447632,1.2702326774597168
1.7630079984664917,1.0036625862121582
1.1575490236282349,1.2611517906188965
1.1533260345458984,1.1994487047195435
2.3628110885620117,1.0921646356582642
2.5807878971099854,1.35711669921875
1.2421469688415527,1.447846531867981
1.7128210067749023,1.5987411737442017
0.6676509976387024,1.4279861450195312
0.8271329998970032,1.165088176727295
0.9642648100852966,1.278702735900879
1.3941617012023926,0.9309601187705994
0.7584049701690674,0.9279434084892273
0.6900759935379028,1.003592610359192
0.6740249991416931,0.9737138748168945
0.8615220189094543,0.7554430365562439
0.7907469868659973,0.969234049320221
0.7285000085830688,0.8538046479225159
0.24119801819324493,0.6788944602012634
0.33546000719070435,0.7495284676551819
0.5912460088729858,0.45823854207992554
1.0584269762039185,0.37570586800575256
0.7669919729232788,0.64109867811203
0.5881239771842957,0.6531881093978882
0.5922303199768066,0.5803512930870056
0.8753510117530823,0.6091998219490051
0.703827977180481,0.6285091042518616
0.5677499771118164,0.6024210453033447
0.7133870124816895,0.5891380906105042
1.0775059461593628,0.6711333990097046
0.6909419894218445,0.8324394226074219
0.772458016872406,0.7392523288726807
0.7237120270729065,0.6846240758895874
0.9752489924430847,0.8445025682449341
0.9151769280433655,1.0281621217727661
0.7574009895324707,0.8859784007072449
0.6912069916725159,0.6977071762084961
1.183527946472168,0.7205679416656494
0.7705749869346619,0.9380931258201599
0.8947700262069702,0.8008253574371338
0.6143350005149841,1.0661190748214722
0.7692319750785828,0.6443057060241699
0.907075047492981,0.7923891544342041
0.4068099856376648,0.8494392037391663
0.5138880014419556,0.6178852319717407
0.24814699590206146,0.6242760419845581
0.25687599182128906,0.4114032983779907
0.598065972328186,0.5830633640289307
0.5981699824333191,0.18112558126449585
0.8801140189170837,0.49444881081581116
1.085649013519287,0.35714876651763916
0.9920129179954529,0.9788450598716736
0.8743849992752075,0.7330300807952881
0.8770260214805603,0.7673306465148926
1.008928894996643,0.8972342610359192
0.8088759779930115,0.9558860063552856
0.6714209914207458,0.6049439907073975
0.7449629902839661,1.160205364227295
0.694267988204956,0.7150195837020874
1.001886010169983,1.079052448272705
0.7935580015182495,0.7790748476982117
0.8450049161911011,0.6170720458030701
0.8031240105628967,0.7037628293037415
0.574446976184845,0.7009062767028809
0.5679720044136047,0.828156590461731
0.4538080096244812,0.5175195336341858
0.8494881391525269,0.48713934421539307
0.4064599871635437,0.6205477118492126
0.24535199999809265,0.5610113143920898
2.3232181072235107,0.3315100371837616
2.0271155834198,0.7974865436553955
1.5811179876327515,1.0902832746505737
1.7270499467849731,1.4620444774627686
1.1506420373916626,1.340525507926941
1.6079339981079102,1.2629855871200562
1.3312339782714844,1.343405842781067
1.221642017364502,1.1995080709457397
1.583541989326477,1.1273691654205322
1.6086621284484863,1.0842723846435547
2.1856539249420166,1.2282521724700928
