actual,predict
1.0697009563446045,2.007751941680908
1.0697009563446045,1.9385836124420166
0.7274609804153442,2.0988142490386963
0.7892770171165466,1.772632122039795
0.7892770171165466,1.7312901020050049
0.6237750053405762,1.5042150020599365
0.6237750053405762,1.5089746713638306
0.6914690136909485,1.6313332319259644
0.855771005153656,1.6395372152328491
0.855771005153656,1.7365946769714355
0.7093830108642578,1.7617300748825073
0.7093830108642578,1.668176531791687
1.0145479440689087,1.6190599203109741
1.1157310009002686,1.7660890817642212
1.1157310009002686,1.7879531383514404
0.41828301548957825,1.7984836101531982
0.41828301548957825,1.481932520866394
1.0022809505462646,1.4082196950912476
1.2188609838485718,1.8143501281738281
1.2188609838485718,1.8320074081420898
1.1432960033416748,1.8485957384109497
1.1432960033416748,1.9360829591751099
0.6528189778327942,1.8107377290725708
0.6746559739112854,1.6410939693450928
0.6746559739112854,1.440223217010498
0.6009536385536194,1.592349648475647
0.6009536385536194,1.3559900522232056
0.6694570183753967,1.4622541666030884
0.6538079977035522,1.6230862140655518
0.6538079977035522,1.5288151502609253
0.7814120054244995,1.6313650608062744
0.7814120054244995,1.6005693674087524
1.2063039541244507,1.5304466485977173
0.8469259738922119,1.7944715023040771
0.8469259738922119,1.7805265188217163
0.8286409974098206,1.4796043634414673
0.8286409974098206,1.7291221618652344
0.648239016532898,1.669489860534668
0.5623700022697449,1.4474328756332397
0.5623700022697449,1.4437679052352905
0.718330979347229,1.4417451620101929
0.718330979347229,1.5016751289367676
1.0996479988098145,1.6400445699691772
0.9541710615158081,1.679428219795227
0.9541710615158081,1.7867175340652466
0.729013979434967,1.839065670967102
0.729013979434967,1.7246652841567993
0.6694499850273132,1.5820995569229126
0.8631219863891602,1.4570790529251099
0.8631219863891602,1.5770397186279297
0.6464660167694092,1.8048059940338135
0.6464660167694092,1.4605973958969116
0.8223180174827576,1.5604525804519653
0.9235979914665222,1.7409074306488037
0.9235979914665222,1.4390308856964111
0.8300920128822327,1.9010881185531616
0.8300920128822327,1.3834086656570435
1.0673140287399292,1.7607911825180054
1.5461750030517578,1.8472462892532349
1.5461750030517578,2.2515556812286377
0.6827279925346375,2.433300495147705
0.6827279925346375,1.583223581314087
0.638562023639679,1.4506314992904663
0.6464239954948425,1.4569867849349976
0.6464239954948425,1.4896373748779297
0.6881093978881836,1.377681016921997
0.6881093978881836,1.6673822402954102
0.7273989915847778,1.4681285619735718
0.65003502368927,1.426308512687683
0.65003502368927,1.7148783206939697
0.8693690299987793,1.5808924436569214
0.8693690299987793,1.637463927268982
0.44085800647735596,1.9249635934829712
0.4518609642982483,1.5334810018539429
0.4518609642982483,1.663460373878479
0.7575070261955261,1.1132110357284546
0.7575070261955261,1.805782675743103
0.4952389597892761,1.6723217964172363
0.6850870251655579,1.4832749366760254
0.6850870251655579,1.46422278881073
0.7243813276290894,1.5525280237197876
0.7243813276290894,1.6734814643859863
0.8653740286827087,1.4697784185409546
0.7400469779968262,1.6674753427505493
0.7400469779968262,1.7358084917068481
0.8070759773254395,1.4174562692642212
0.8070759773254395,1.5835164785385132
0.8204330205917358,1.5404833555221558
1.1144119501113892,1.587040662765503
1.1144119501113892,1.7243759632110596
1.1086050271987915,1.7638490200042725
1.1086050271987915,1.7940672636032104
0.4751499593257904,1.8200591802597046
1.0392680168151855,1.4931082725524902
1.0392680168151855,1.8107712268829346
0.9457899928092957,1.7938462495803833
0.9457899928092957,1.8541420698165894
0.7877500057220459,1.8567053079605103
0.35045498609542847,1.6047396659851074
0.35045498609542847,1.4821066856384277
0.9367713332176208,1.3900307416915894
0.9367713332176208,1.7412748336791992
0.9868059754371643,1.6587153673171997
0.6470239758491516,1.5580259561538696
0.6470239758491516,1.5553497076034546
1.0297770500183105,1.3243473768234253
1.0297770500183105,1.7456246614456177
1.18744695186615,1.9188568592071533
0.9328820109367371,1.8382405042648315
0.9328820109367371,1.9593839645385742
0.7528370022773743,1.7747960090637207
0.7528370022773743,1.561655879020691
0.6420040130615234,1.7317354679107666
0.23073400557041168,1.5834375619888306
0.23073400557041168,1.248483419418335
0.4714997112751007,1.1496487855911255
0.4714997112751007,1.337252140045166
0.8772729635238647,1.3730109930038452
0.7876309752464294,1.616202473640442
0.7876309752464294,1.5489697456359863
0.2742219865322113,1.4750034809112549
0.2742219865322113,1.3938713073730469
0.39922699332237244,1.407578706741333
0.992351233959198,1.2618358135223389
0.992351233959198,1.6237713098526
0.762723982334137,1.5946460962295532
0.762723982334137,1.6760690212249756
0.7200859785079956,1.666475772857666
0.6264780163764954,1.7181730270385742
0.6264780163764954,1.6517958641052246
0.7269890308380127,1.6682946681976318
0.7269890308380127,1.6394416093826294
0.9301020503044128,1.5915557146072388
0.6872699856758118,1.6881072521209717
0.6872699856758118,1.673805594444275
0.8662552833557129,1.7661049365997314
0.8662552833557129,1.6799522638320923
0.8352038264274597,1.8582168817520142
0.940250039100647,1.614367127418518
0.940250039100647,1.7179386615753174
1.0233579874038696,1.973012089729309
1.0233579874038696,1.7744214534759521
0.7322630286216736,1.7902754545211792
0.9300749897956848,1.6281108856201172
0.9300749897956848,1.4221264123916626
0.8702930212020874,1.559313178062439
0.8702930212020874,1.6281150579452515
0.5104020237922668,1.7129404544830322
1.0258179903030396,1.4377704858779907
1.0258179903030396,1.8081055879592896
0.45512399077415466,1.8496639728546143
0.45512399077415466,1.2220784425735474
0.7345349788665771,1.4143414497375488
0.7012919783592224,1.4332422018051147
0.7012919783592224,1.6015459299087524
1.0143860578536987,1.6119680404663086
1.0143860578536987,1.5293282270431519
1.1237702369689941,1.900610089302063
0.4825369715690613,1.4914504289627075
0.4825369715690613,1.5082746744155884
0.46893200278282166,1.4617068767547607
0.46893200278282166,1.5624315738677979
0.8755196928977966,1.2320570945739746
1.1454249620437622,1.5061050653457642
1.1454249620437622,1.965509057044983
1.9437874555587769,1.9816035032272339
1.9437874555587769,2.3038902282714844
1.5570390224456787,2.5278189182281494
2.104775905609131,2.455974578857422
2.104775905609131,2.6047465801239014
1.0622400045394897,2.600771188735962
1.0622400045394897,2.0294981002807617
0.78678297996521,1.9213593006134033
2.2479710578918457,1.7967581748962402
2.2479710578918457,2.9882025718688965
0.5664669871330261,2.6806554794311523
0.5664669871330261,1.654010534286499
0.8389729857444763,1.5051841735839844
0.31881898641586304,1.662847876548767
0.31881898641586304,1.3683407306671143
0.6386680006980896,1.4324506521224976
0.6386680006980896,1.32252836227417
0.7540266513824463,1.5400134325027466
1.08582603931427,1.6022343635559082
1.08582603931427,1.811241865158081
0.6014299988746643,2.009214401245117
0.6014299988746643,1.6607286930084229
0.6923220157623291,1.60151207447052
0.8782439827919006,1.6878432035446167
0.8782439827919006,1.6391234397888184
1.2792240381240845,1.9234263896942139
1.2792240381240845,2.2674219608306885
0.7251669764518738,1.974057674407959
0.42831099033355713,1.6919935941696167
0.42831099033355713,1.3430482149124146
0.7012249827384949,1.6117044687271118
0.7012249827384949,1.4082701206207275
0.8846225738525391,1.537806510925293
0.7809653878211975,1.3147103786468506
0.7809653878211975,1.4729007482528687
0.9259700179100037,1.631771445274353
0.9259700179100037,1.820557713508606
0.9178640842437744,1.914348840713501
0.9073019623756409,1.8693593740463257
0.9073019623756409,1.6224080324172974
0.409945011138916,1.8917912244796753
0.409945011138916,1.3333077430725098
0.8741459846496582,1.2283986806869507
1.2313439846038818,1.6999845504760742
1.2313439846038818,1.844313621520996
0.7683960199356079,2.046743869781494
0.7683960199356079,1.721258282661438
0.93573397397995,1.6247600317001343
0.752327024936676,1.6680212020874023
0.752327024936676,1.8775733709335327
0.624783992767334,1.5890432596206665
0.624783992767334,1.6481659412384033
1.9779472351074219,1.3194724321365356
2.4764792919158936,2.1819839477539062
2.4764792919158936,2.964930534362793
0.6822599768638611,2.9659111499786377
0.6822599768638611,1.7934343814849854
1.29407799243927,1.339504599571228
2.1165060997009277,1.9053090810775757
2.1165060997009277,2.68049955368042
2.0302300453186035,2.730884075164795
2.0302300453186035,2.78664493560791
1.7275930643081665,2.614603281021118
1.3216190338134766,2.383878469467163
1.3216190338134766,2.1445741653442383
1.1142749786376953,2.16072416305542
1.1142749786376953,2.0792434215545654
1.6184829473495483,1.9733556509017944
1.1023540496826172,2.2340524196624756
1.1023540496826172,1.7934256792068481
0.8501269817352295,2.006978750228882
0.8501269817352295,1.8826090097427368
0.6531813144683838,1.5962040424346924
0.6168276071548462,1.3284300565719604
0.6168276071548462,1.6968940496444702
1.0232048034667969,1.5928056240081787
1.0232048034667969,1.7241252660751343
1.1767810583114624,1.8759907484054565
1.10875403881073,2.0443644523620605
1.10875403881073,1.9634275436401367
0.9838110208511353,1.7917358875274658
0.9838110208511353,1.9462997913360596
1.8299274444580078,1.6353952884674072
1.3421310186386108,2.354712724685669
1.3421310186386108,2.2750160694122314
1.265669584274292,2.2377469539642334
1.265669584274292,2.0795929431915283
0.7930377125740051,2.0539779663085938
1.0306893587112427,1.7165791988372803
1.0306893587112427,1.5403062105178833
0.8210232257843018,1.5708662271499634
0.8210232257843018,1.7591276168823242
1.0991692543029785,1.845102310180664
0.525535523891449,1.9129489660263062
0.525535523891449,1.448089361190796
0.7758393883705139,1.5147655010223389
0.7758393883705139,1.5528931617736816
0.7209759950637817,1.4557229280471802
0.8666771054267883,1.5207215547561646
0.8666771054267883,1.7646636962890625
0.8462041020393372,1.870760440826416
0.8462041020393372,1.81792414188385
0.7614132165908813,1.7057453393936157
0.6587246060371399,1.7990280389785767
0.6587246060371399,1.4982870817184448
1.0786592960357666,1.433394193649292
1.0786592960357666,2.002030611038208
1.2819403409957886,1.699554443359375
0.6600005030632019,1.8523852825164795
0.6600005030632019,1.6652302742004395
1.112500548362732,1.5594768524169922
1.112500548362732,1.7349520921707153
0.6280704736709595,1.9854320287704468
0.6864575743675232,1.5707205533981323
0.6864575743675232,1.7469444274902344
0.9000409245491028,1.5656391382217407
0.9000409245491028,1.6322712898254395
0.7342569231987,1.8130371570587158
1.0111212730407715,1.696709394454956
1.0111212730407715,1.841233730316162
0.8827599883079529,1.7495192289352417
0.8827599883079529,1.6312507390975952
0.7521411776542664,1.601580023765564
0.9489411115646362,1.717267394065857
0.9489411115646362,1.6573448181152344
0.6799052953720093,1.8330851793289185
0.6799052953720093,1.6285368204116821
0.7211565971374512,1.5968316793441772
0.6504104733467102,1.5529175996780396
0.6504104733467102,1.5578025579452515
0.71671062707901,1.6395676136016846
0.71671062707901,1.7666488885879517
0.9056316018104553,1.4194577932357788
0.6526464819908142,1.5352855920791626
0.6526464819908142,1.5874290466308594
0.7056654095649719,1.52243971824646
0.7056654095649719,1.4778659343719482
0.6581057906150818,1.621192216873169
0.6592794060707092,1.5041460990905762
0.6592794060707092,1.1560258865356445
0.6634064316749573,1.5391583442687988
0.6634064316749573,1.651090383529663
0.7808002829551697,1.3018628358840942
0.756590723991394,1.670019507408142
0.756590723991394,1.4847030639648438
0.9280405640602112,1.5960994958877563
0.9424406290054321,1.793321967124939
0.7073829770088196,1.8484129905700684
0.388839989900589,1.6773899793624878
0.388839989900589,1.3447057008743286
0.3422417938709259,1.4212462902069092
0.3422417938709259,1.34247624874115
0.2337300032377243,1.427815556526184
0.14591270685195923,1.3235218524932861
0.14591270685195923,1.1990461349487305
0.39495348930358887,1.1891775131225586
0.39495348930358887,1.407022476196289
0.9678409695625305,1.3025662899017334
0.783922016620636,1.7341656684875488
0.783922016620636,1.7319759130477905
0.8333759903907776,1.722772240638733
0.8333759903907776,1.756722331047058
0.9723259806632996,1.5729786157608032
0.6905210018157959,1.8984968662261963
0.6905210018157959,1.7216854095458984
1.3453240394592285,1.5631431341171265
1.3453240394592285,1.9124295711517334
0.7227010130882263,2.232022523880005
0.6804850101470947,1.7950448989868164
0.6804850101470947,1.619174599647522
0.7610610127449036,1.5140010118484497
0.7610610127449036,1.5631946325302124
0.8075709939002991,1.3590067625045776
0.5886639952659607,1.7357873916625977
0.5886639952659607,1.5136628150939941
0.9960750937461853,1.527307152748108
0.9960750937461853,1.8931598663330078
1.0454139709472656,1.7579425573349
0.4713059961795807,1.8878166675567627
0.4713059961795807,1.1613348722457886
1.0471409559249878,1.3819304704666138
1.0471409559249878,1.7175887823104858
1.1262142658233643,1.8538895845413208
2.5604617595672607,1.9168533086776733
2.5604617595672607,2.7043297290802
0.7777400016784668,3.1883466243743896
0.7777400016784668,1.6224538087844849
0.7172060012817383,1.7467178106307983
0.8005080223083496,1.5563464164733887
0.8005080223083496,1.69627046585083
0.5680390000343323,1.6983649730682373
0.5680390000343323,1.596587061882019
1.1957800388336182,1.557749629020691
0.7970449924468994,1.7695249319076538
0.7970449924468994,1.8424519300460815
0.489935964345932,1.4118070602416992
0.489935964345932,1.294283390045166
0.9918130040168762,1.3257843255996704
0.7445690035820007,1.8919185400009155
0.7445690035820007,1.7508809566497803
0.6096370220184326,1.6488211154937744
0.6096370220184326,1.488527536392212
0.8565919995307922,1.401413917541504
0.8144299983978271,1.712001085281372
0.8144299983978271,1.7524493932724
0.7605929970741272,1.2900569438934326
0.7605929970741272,1.5400022268295288
0.9213209748268127,1.3966387510299683
0.7421634793281555,1.3563330173492432
0.7421634793281555,1.54244863986969
0.7329360246658325,1.6374664306640625
0.7329360246658325,1.6411163806915283
0.8745691180229187,1.6989487409591675
0.964491069316864,1.6928871870040894
0.964491069316864,1.6691105365753174
1.4776719808578491,1.872433066368103
1.4776719808578491,2.1801724433898926
0.6752679944038391,2.2336552143096924
0.5030400156974792,1.3429845571517944
0.5030400156974792,1.435006022453308
0.7066659927368164,1.5548269748687744
0.7066659927368164,1.7002251148223877
2.968195915222168,1.7792571783065796
1.2553009986877441,2.652580738067627
1.2553009986877441,2.3350601196289062
4.08481502532959,2.0323486328125
4.08481502532959,3.9317731857299805
1.6923229694366455,4.262177467346191
0.4121052026748657,2.506417989730835
0.4121052026748657,1.6886858940124512
1.0357509851455688,1.5443140268325806
1.0357509851455688,1.4413410425186157
0.6408920288085938,1.9751441478729248
0.7065470218658447,1.595969319343567
0.7065470218658447,1.565233588218689
1.0608303546905518,1.7356239557266235
1.0608303546905518,1.6553267240524292
1.8809541463851929,1.8352140188217163
1.8863741159439087,2.278568744659424
1.8863741159439087,2.677474021911621
1.3287739753723145,2.6659140586853027
1.3287739753723145,1.998604416847229
0.39318400621414185,2.0235495567321777
0.6382430195808411,1.4759998321533203
0.6382430195808411,1.5883371829986572
1.045531988143921,1.5241397619247437
1.045531988143921,1.7930755615234375
0.6588029861450195,1.890445590019226
0.8046740293502808,1.7505855560302734
0.8046740293502808,1.4765466451644897
0.8740410208702087,1.6735996007919312
0.8740410208702087,1.7214587926864624
0.853255033493042,1.716865062713623
0.8952109813690186,1.7386410236358643
0.8952109813690186,1.8266386985778809
0.7301589846611023,1.8562300205230713
0.7301589846611023,1.8094855546951294
0.4149410128593445,1.5615745782852173
0.27009400725364685,1.3947242498397827
0.27009400725364685,1.195203423500061
0.4911320209503174,1.3627890348434448
0.4911320209503174,1.2994744777679443
0.5079169869422913,1.4009190797805786
1.224020004272461,1.4961363077163696
1.224020004272461,1.7028900384902954
1.267657995223999,1.981237769126892
1.267657995223999,1.9871083498001099
2.6334879398345947,1.8267477750778198
3.9996156692504883,2.9806933403015137
3.9996156692504883,3.7590973377227783
6.651418209075928,3.9670915603637695
6.651418209075928,5.594922065734863
2.102678060531616,6.997325420379639
1.2836899757385254,3.2539749145507812
1.2836899757385254,2.2571656703948975
1.2913475036621094,1.8920307159423828
1.2913475036621094,2.244844913482666
1.3537540435791016,2.2721261978149414
2.390191078186035,2.305661916732788
2.390191078186035,2.9171032905578613
1.4614410400390625,2.8034074306488037
1.4614410400390625,2.533656597137451
1.599208950996399,2.4710562229156494
1.4711509943008423,2.5390424728393555
1.4711509943008423,2.2723464965820312
1.298205018043518,2.333510637283325
1.298205018043518,2.185683250427246
1.5796220302581787,2.144477367401123
1.360355019569397,2.2832374572753906
1.360355019569397,1.9834327697753906
0.8036410212516785,2.3425402641296387
0.8036410212516785,1.8837453126907349
0.4276689887046814,1.5798139572143555
0.2694070041179657,1.4964808225631714
0.2694070041179657,1.3804545402526855
0.3897170126438141,1.0517874956130981
0.3897170126438141,1.4121917486190796
0.41791701316833496,1.312868356704712
1.5460360050201416,1.2307239770889282
1.5460360050201416,2.1382498741149902
1.017611026763916,2.1175498962402344
1.017611026763916,1.732205867767334
0.8653150200843811,2.0024709701538086
0.6194109916687012,1.770207405090332
0.6194109916687012,1.3966463804244995
0.8454149961471558,1.5277520418167114
0.8454149961471558,1.5708403587341309
0.8048596382141113,1.7191590070724487
1.4358890056610107,1.6563968658447266
1.4358890056610107,2.020075559616089
2.5657520294189453,2.1587491035461426
2.5657520294189453,3.0097506046295166
6.206179141998291,2.970306873321533
0.9309500455856323,6.006012439727783
0.9309500455856323,2.664180278778076
0.9077759981155396,1.650955319404602
0.9077759981155396,1.9020769596099854
0.46097978949546814,1.9403239488601685
0.5264570116996765,1.4413472414016724
0.5264570116996765,1.6126967668533325
0.7942249774932861,1.6023519039154053
0.7942249774932861,1.5304728746414185
0.9704010486602783,1.7129758596420288
0.6695889830589294,1.8505867719650269
0.6695889830589294,1.8436949253082275
0.6997730135917664,1.6203851699829102
0.6997730135917664,1.6364383697509766
0.6903669834136963,1.652470350265503
0.6361600160598755,1.2444703578948975
0.6361600160598755,1.490315318107605
0.9726699590682983,1.726555585861206
0.9726699590682983,1.5370864868164062
0.6393389701843262,1.911769986152649
0.5123779773712158,1.5334399938583374
0.5123779773712158,1.4786285161972046
0.5699130296707153,1.5320188999176025
0.5699130296707153,1.2975527048110962
0.8318089842796326,1.4714186191558838
0.46941104531288147,1.6915026903152466
0.46941104531288147,1.7069185972213745
0.9054309725761414,1.4653451442718506
0.9054309725761414,1.7639456987380981
0.8482750058174133,1.8207261562347412
0.6566630005836487,1.6028553247451782
0.6566630005836487,1.4446419477462769
0.6324055790901184,1.5940603017807007
0.6324055790901184,1.7179419994354248
0.32685500383377075,1.6457676887512207
0.3047409951686859,1.1743844747543335
0.3047409951686859,1.2736176252365112
0.21594800055027008,1.3314770460128784
0.21594800055027008,1.3393865823745728
0.21484799683094025,1.230455756187439
0.15123100578784943,1.3007766008377075
0.15123100578784943,1.0640770196914673
0.4153338372707367,1.1535661220550537
0.4153338372707367,1.4067745208740234
0.7344200015068054,1.3839250802993774
0.9913369417190552,1.7152553796768188
0.9913369417190552,1.7218091487884521
0.7910000085830688,1.9825433492660522
0.7910000085830688,1.6862514019012451
0.742917001247406,1.7377604246139526
0.7426548600196838,1.472242832183838
0.7426548600196838,1.5878448486328125
0.8799139857292175,1.549920678138733
0.8799139857292175,1.764289140701294
0.7376829981803894,1.796604871749878
1.2403429746627808,1.6893813610076904
1.2403429746627808,2.0023865699768066
0.8343409895896912,2.0812828540802
0.8343409895896912,1.7664251327514648
0.3054729998111725,1.6688002347946167
0.8929459452629089,1.5442675352096558
0.8929459452629089,1.6685503721237183
1.2858660221099854,1.8888969421386719
1.2858660221099854,1.957213282585144
0.41464000940322876,2.055609941482544
1.090137004852295,1.4843040704727173
1.090137004852295,1.7933493852615356
0.5923830270767212,1.9176255464553833
0.5923830270767212,1.5087617635726929
0.37732601165771484,1.5085783004760742
2.6935973167419434,1.363647699356079
2.6935973167419434,3.0256130695343018
2.288666009902954,3.238839864730835
2.288666009902954,3.0072672367095947
0.8955270051956177,3.0521605014801025
0.8070570230484009,1.7858052253723145
0.8070570230484009,1.5922398567199707
1.194862961769104,1.7648311853408813
1.194862961769104,2.024914264678955
0.8929409980773926,2.075014114379883
0.9776079654693604,1.6073428392410278
0.9776079654693604,1.9657396078109741
1.8325070142745972,1.915194034576416
1.8325070142745972,2.337228775024414
1.4037929773330688,2.352088212966919
0.7223749756813049,2.1943507194519043
0.7223749756813049,1.710052490234375
0.6599410176277161,1.4474027156829834
0.6599410176277161,1.4483431577682495
0.7407349944114685,1.6201794147491455
0.5553659796714783,1.6407055854797363
0.5553659796714783,1.5117895603179932
1.2367689609527588,1.556032419204712
1.2367689609527588,2.0922787189483643
0.6214020252227783,2.005668878555298
0.710873007774353,1.5762548446655273
0.710873007774353,1.2261087894439697
0.30647799372673035,1.5579859018325806
0.30647799372673035,1.4710383415222168
0.6473349928855896,1.3186813592910767
0.5458269715309143,1.3647370338439941
0.5458269715309143,1.555627465248108
1.0242477655410767,1.3133304119110107
1.0242477655410767,1.7334704399108887
0.8176820278167725,1.9198424816131592
0.7440620064735413,1.7810702323913574
0.7440620064735413,1.6108678579330444
0.7367150187492371,1.7713217735290527
0.7367150187492371,1.7884999513626099
0.5768560171127319,1.490436315536499
0.9152600169181824,1.4675434827804565
0.9152600169181824,1.6621065139770508
1.1370290517807007,1.7185314893722534
1.1370290517807007,1.8360823392868042
0.496008038520813,1.8002246618270874
0.4941359758377075,1.5225621461868286
0.4941359758377075,1.4500981569290161
0.8834533095359802,1.3734132051467896
0.8834533095359802,1.5069843530654907
1.2715249061584473,1.5112085342407227
0.8864369988441467,1.882218360900879
0.8864369988441467,1.6700619459152222
0.8988280296325684,1.4388481378555298
0.8988280296325684,1.3793781995773315
0.9049779772758484,1.8655359745025635
0.8299319744110107,1.5386059284210205
0.8299319744110107,1.7203480005264282
0.8756300210952759,1.4562675952911377
0.8756300210952759,1.4756110906600952
0.5502920150756836,1.7970480918884277
1.073919415473938,1.400956630706787
1.073919415473938,1.8589309453964233
0.8491920232772827,2.0501902103424072
0.8491920232772827,1.6155520677566528
0.6393229961395264,1.778829574584961
0.7995309829711914,1.6332823038101196
0.7995309829711914,1.677884578704834
0.9646000862121582,1.7007310390472412
0.9646000862121582,1.6123865842819214
0.8413559794425964,1.855423092842102
0.7011449933052063,1.5082097053527832
0.7011449933052063,1.3811410665512085
0.7240070104598999,1.5478898286819458
0.7240070104598999,1.6896001100540161
1.010308027267456,1.7016329765319824
0.6538060307502747,1.8725378513336182
0.6538060307502747,1.5817971229553223
0.7932850122451782,1.3172317743301392
0.7932850122451782,1.4712321758270264
0.653839647769928,1.781716227531433
1.160789966583252,1.6011650562286377
1.160789966583252,1.7430680990219116
0.8085789680480957,1.9933770895004272
0.8085789680480957,1.506062388420105
0.3743770122528076,1.671461582183838
0.2556999921798706,1.4228301048278809
0.2556999921798706,1.28448486328125
0.489315003156662,1.2702744007110596
0.489315003156662,1.3337880373001099
1.1518440246582031,1.453731894493103
0.7372779846191406,2.030949115753174
0.7372779846191406,1.6965025663375854
1.088750958442688,1.3936134576797485
1.088750958442688,1.840411901473999
1.9758529663085938,1.9073883295059204
0.8547700047492981,2.506782054901123
0.8547700047492981,2.018444061279297
0.7977370023727417,1.750266194343567
0.7977370023727417,1.6421808004379272
1.052428960800171,1.7584747076034546
3.1794509887695312,1.835206389427185
3.1794509887695312,3.399031162261963
1.7970679998397827,3.027393341064453
1.7970679998397827,2.5805678367614746
1.0614780187606812,2.6681368350982666
0.8751260042190552,2.035977840423584
0.8751260042190552,1.8175359964370728
0.6645399928092957,1.8369300365447998
0.6645399928092957,1.593523621559143
0.7571684122085571,1.4283844232559204
1.3684840202331543,1.6981468200683594
1.3684840202331543,2.100285768508911
0.9052470326423645,1.9707458019256592
0.9052470326423645,1.9090086221694946
1.032060980796814,1.6651740074157715
0.6141330003738403,1.7969435453414917
0.6141330003738403,1.57319974899292
0.97331303358078,1.3274714946746826
0.97331303358078,1.7868432998657227
0.6452289819717407,1.802732229232788
0.4894390106201172,1.4977433681488037
0.4894390106201172,1.2021108865737915
0.8408679962158203,1.4346309900283813
0.8408679962158203,1.6495578289031982
0.7771940231323242,1.6950494050979614
0.6755350232124329,1.6632349491119385
0.6755350232124329,1.6284476518630981
0.659205973148346,1.4675443172454834
0.659205973148346,1.60454523563385
1.0841530561447144,1.6191010475158691
0.931410014629364,1.9230482578277588
0.931410014629364,1.8528163433074951
1.3594796657562256,1.6147514581680298
1.3594796657562256,2.067037343978882
0.7633988261222839,2.0190722942352295
0.5357339978218079,1.5103001594543457
0.5357339978218079,1.4851864576339722
0.6781889796257019,1.3780323266983032
0.6781889796257019,1.3538427352905273
0.7839810252189636,1.6356011629104614
1.1693676710128784,1.7804691791534424
1.1693676710128784,1.9136749505996704
1.01528799533844,1.8666799068450928
1.01528799533844,1.7001492977142334
0.9259430170059204,1.6677807569503784
1.3192440271377563,1.9209494590759277
1.3192440271377563,1.9332046508789062
0.971746027469635,2.0606131553649902
0.971746027469635,1.8756592273712158
1.1762996912002563,2.0065011978149414
1.7146090269088745,1.948785424232483
1.7146090269088745,2.2720561027526855
1.3073370456695557,2.3184003829956055
1.3073370456695557,2.3154735565185547
0.6186890006065369,2.0649352073669434
2.298435926437378,1.5986747741699219
2.298435926437378,2.550724744796753
1.8082411289215088,3.065808057785034
1.8082411289215088,2.668483018875122
0.879414975643158,2.28733229637146
1.5709450244903564,1.7214181423187256
1.5709450244903564,2.331568956375122
1.5785160064697266,2.2532601356506348
1.5785160064697266,2.2880852222442627
0.6200309991836548,2.553501605987549
0.9928810000419617,1.7641010284423828
0.9928810000419617,1.8462238311767578
0.45518699288368225,2.0582480430603027
0.45518699288368225,1.5489063262939453
1.0173989534378052,1.3924280405044556
0.8378469944000244,1.5090566873550415
0.8378469944000244,1.5908167362213135
0.48847702145576477,1.6708154678344727
0.48847702145576477,1.1193912029266357
1.2463409900665283,1.36211359500885
1.2096309661865234,1.716089129447937
1.2096309661865234,1.9086748361587524
1.2524510622024536,1.5926196575164795
1.2524510622024536,2.1564300060272217
1.5197269916534424,2.097609281539917
1.063797950744629,2.160569906234741
1.063797950744629,1.9204351902008057
1.5714950561523438,1.6809637546539307
1.5714950561523438,2.100365400314331
1.2781050205230713,2.0549325942993164
1.1920779943466187,2.0436336994171143
1.1920779943466187,1.8688541650772095
0.8304439187049866,1.6601698398590088
0.8304439187049866,1.7253860235214233
1.4020156860351562,1.693145751953125
1.1565040349960327,2.205061912536621
1.1565040349960327,2.135435104370117
1.1625548601150513,2.0992624759674072
1.1625548601150513,1.9118465185165405
0.6007519960403442,2.08272123336792
1.2538357973098755,1.7656134366989136
1.2538357973098755,2.0169246196746826
1.7918440103530884,2.140117883682251
1.7918440103530884,2.4739561080932617
1.7340625524520874,2.6222052574157715
4.939970970153809,2.520380735397339
4.939970970153809,4.493130683898926
2.394351005554199,4.894782543182373
2.394351005554199,3.2279257774353027
2.212575912475586,3.2670657634735107
1.8865269422531128,2.801820755004883
1.8865269422531128,2.5888478755950928
0.934382975101471,2.735588550567627
0.934382975101471,1.9269130229949951
0.9099830389022827,1.614339828491211
0.8112999796867371,1.630136251449585
0.8112999796867371,1.7242673635482788
1.0497089624404907,1.7076412439346313
1.0497089624404907,1.9226393699645996
1.35178804397583,2.028388500213623
1.2773059606552124,2.2149784564971924
1.2836309671401978,2.254516839981079
0.785444974899292,2.0832912921905518
0.785444974899292,1.8780087232589722
0.4846229553222656,1.7464576959609985
0.667635977268219,1.6775795221328735
0.667635977268219,1.5091997385025024
0.8322510123252869,1.3923152685165405
0.8322510123252869,1.624374270439148
0.5959370136260986,1.511387586593628
0.34108901023864746,1.5415531396865845
0.34108901023864746,1.2648591995239258
0.686011016368866,1.405195951461792
0.686011016368866,1.322462797164917
0.8153510093688965,1.5880049467086792
0.39854300022125244,1.7572212219238281
0.39854300022125244,1.5483078956604004
0.6998159885406494,1.4290072917938232
0.6998159885406494,1.7013084888458252
0.4263690114021301,1.449601173400879
0.6866139769554138,1.3876322507858276
0.6866139769554138,1.372337818145752
0.1826770007610321,1.473780632019043
0.1826770007610321,1.3507872819900513
0.7018824815750122,1.3264135122299194
1.7966820001602173,1.5987987518310547
1.7966820001602173,2.3794987201690674
0.7204269766807556,2.42610764503479
0.7204269766807556,1.650598168373108
0.46806401014328003,1.3021966218948364
0.6408870220184326,1.4539765119552612
0.6408870220184326,1.4613893032073975
0.7520520091056824,1.3428372144699097
0.7520520091056824,1.6249016523361206
1.0018175840377808,1.6761353015899658
1.660804033279419,1.7060143947601318
1.660804033279419,1.9921578168869019
1.4505950212478638,2.3533384799957275
1.4505950212478638,2.1974403858184814
1.085010051727295,2.21616792678833
1.0995550155639648,2.215392827987671
1.0995550155639648,2.082925796508789
0.7694180011749268,1.8594895601272583
0.7694180011749268,1.8892080783843994
1.2544304132461548,1.7151787281036377
1.4963209629058838,2.017929792404175
1.4963209629058838,2.295227289199829
0.7186369895935059,1.794410228729248
0.7186369895935059,1.5192208290100098
0.8902019262313843,1.6400070190429688
0.9891759753227234,1.7847918272018433
0.9891759753227234,1.8841354846954346
2.8490145206451416,1.7643412351608276
2.8490145206451416,3.0678019523620605
4.2810750007629395,3.174135684967041
1.2487390041351318,4.5246710777282715
1.2487390041351318,2.437757730484009
0.7096589803695679,2.0220346450805664
0.7096589803695679,1.509350061416626
0.7497439980506897,1.6067192554473877
0.8907449841499329,1.6060346364974976
0.8907449841499329,1.7036526203155518
1.4695279598236084,1.9121911525726318
1.4695279598236084,2.1567893028259277
1.608888030052185,2.0053462982177734
1.0434609651565552,2.34804368019104
1.0434609651565552,1.742171287536621
1.184751033782959,1.8009419441223145
1.184751033782959,2.153590440750122
0.5063725113868713,1.941445231437683
0.6946156024932861,1.4377751350402832
0.6946156024932861,1.5365939140319824
0.9299110174179077,1.6555736064910889
0.9299110174179077,1.9297313690185547
0.7754629850387573,1.7509640455245972
0.8564696311950684,1.8052347898483276
0.8564696311950684,1.6943329572677612
0.9269009828567505,1.7533855438232422
0.9269009828567505,1.7012994289398193
0.7506660223007202,1.5532323122024536
0.9248849153518677,1.5372651815414429
0.9248849153518677,1.8571797609329224
1.0701626539230347,1.918838620185852
1.0701626539230347,1.9839091300964355
0.8752880096435547,1.9021403789520264
0.7511039972305298,1.637979507446289
0.7511039972305298,1.65003502368927
0.8627579808235168,1.559309959411621
0.8627579808235168,1.471911072731018
0.5096570253372192,1.7787965536117554
0.849524974822998,1.4515371322631836
0.849524974822998,1.5462348461151123
0.6711369752883911,1.6523358821868896
0.6711369752883911,1.5966349840164185
0.6132180094718933,1.5496279001235962
0.38105499744415283,1.3902543783187866
0.38105499744415283,1.3735449314117432
0.871042013168335,1.4288214445114136
0.871042013168335,1.5262869596481323
0.6540319919586182,1.7169370651245117
0.9089673757553101,1.3874742984771729
0.9089673757553101,1.7129713296890259
0.9709030389785767,1.8594304323196411
0.9709030389785767,1.7230149507522583
0.9856919646263123,1.8338264226913452
1.3562562465667725,1.9576576948165894
1.3562562465667725,1.9345861673355103
1.3098729848861694,1.9347470998764038
1.3098729848861694,1.890690565109253
0.6344919800758362,1.8811403512954712
0.5933508276939392,1.5774052143096924
0.5933508276939392,1.5456054210662842
0.8796380162239075,1.5604331493377686
0.8796380162239075,1.7215213775634766
1.1318364143371582,1.5758174657821655
1.8412740230560303,2.0349347591400146
1.8412740230560303,2.3295483589172363
2.2617459297180176,2.6146371364593506
2.2617459297180176,2.727198600769043
2.597975969314575,2.8105084896087646
2.3991920948028564,2.934157609939575
2.3991920948028564,3.11378812789917
1.9822978973388672,2.848093032836914
1.9822978973388672,2.5484867095947266
2.269547939300537,2.4254097938537598
2.017889976501465,2.8900086879730225
2.017889976501465,2.9629108905792236
1.452262043952942,2.437666893005371
1.452262043952942,2.4340648651123047
1.3427979946136475,2.1109418869018555
1.3119150400161743,2.0316219329833984
1.3119150400161743,2.10325026512146
1.2767620086669922,2.2716336250305176
1.2767620086669922,2.0981030464172363
1.2752670049667358,2.0935287475585938
1.2104460000991821,2.0932397842407227
1.2104460000991821,1.986914038658142
0.8153480291366577,2.0440073013305664
0.8153480291366577,1.7945936918258667
0.7271119952201843,1.546146035194397
0.6043019890785217,1.7533986568450928
0.6043019890785217,1.7166498899459839
0.9830358624458313,1.297450304031372
0.9830358624458313,1.7687183618545532
1.1015290021896362,1.9168028831481934
1.1837249994277954,1.9233367443084717
1.1837249994277954,2.0600662231445312
0.43564000725746155,1.7685233354568481
0.43564000725746155,1.4103200435638428
0.32700401544570923,1.3861137628555298
0.8039849996566772,1.2739022970199585
0.8039849996566772,1.4261101484298706
0.42168599367141724,1.4999597072601318
0.42168599367141724,1.514944314956665
0.5734559893608093,1.1557207107543945
0.39594578742980957,1.3623096942901611
0.39594578742980957,1.3450117111206055
0.4163750112056732,1.2222230434417725
0.4163750112056732,1.487842321395874
0.5603970289230347,1.1849582195281982
0.7749050259590149,1.424011468887329
0.7749050259590149,1.5224897861480713
0.6370840072631836,1.7276066541671753
0.6370840072631836,1.4983810186386108
0.38392600417137146,1.5495322942733765
0.564873993396759,1.3387198448181152
0.564873993396759,1.4583498239517212
1.0547150373458862,1.5280978679656982
1.0547150373458862,1.8552075624465942
0.6537709832191467,1.797297477722168
0.5931029915809631,1.2606316804885864
0.5931029915809631,1.7206449508666992
1.022608995437622,1.4723563194274902
1.022608995437622,1.6304210424423218
0.8359869718551636,1.8424793481826782
0.6375340223312378,1.4939966201782227
0.6375340223312378,1.5267107486724854
0.9755985140800476,1.4844619035720825
0.9755985140800476,1.6899991035461426
0.48980799317359924,1.899646282196045
1.098647952079773,1.6870452165603638
1.098647952079773,1.6397149562835693
1.1511659622192383,1.8711977005004883
1.1511659622192383,1.9693037271499634
0.8061249852180481,2.0516319274902344
0.47447696328163147,1.6254620552062988
0.47447696328163147,1.433202862739563
0.7896029949188232,1.4655121564865112
0.7896029949188232,1.6955320835113525
0.4762530028820038,1.7802807092666626
0.5455229878425598,1.3167263269424438
0.5455229878425598,1.58865487575531
0.6212809681892395,1.531604290008545
0.6212809681892395,1.6403342485427856
0.7707700133323669,1.8163591623306274
0.9337069988250732,1.7164394855499268
0.9337069988250732,1.8131535053253174
0.8110550045967102,1.922152042388916
0.8110550045967102,1.773444414138794
0.6005529761314392,1.6197705268859863
1.00252103805542,1.5967539548873901
1.00252103805542,1.7525936365127563
0.8921650052070618,1.9131959676742554
0.8921650052070618,1.7033182382583618
0.9160850048065186,1.881606101989746
0.7413420081138611,1.8693886995315552
0.7413420081138611,1.7740051746368408
0.9283249974250793,1.7329919338226318
0.9283249974250793,1.6527292728424072
0.6429409980773926,1.8659576177597046
0.9950090646743774,1.6844196319580078
0.9950090646743774,1.922531247138977
0.6271365880966187,1.8427753448486328
0.6271365880966187,1.5204856395721436
1.0386890172958374,1.5699342489242554
0.6888009905815125,1.9158353805541992
0.6888009905815125,1.2493760585784912
0.5214130282402039,1.4942437410354614
0.5214130282402039,1.3474220037460327
0.6510270237922668,1.421346664428711
1.159701943397522,1.350426197052002
1.159701943397522,1.8601402044296265
0.6456400156021118,1.9129618406295776
0.6456400156021118,1.6159592866897583
1.1958626508712769,1.52764892578125
1.304703950881958,2.0030272006988525
1.304703950881958,2.102503538131714
0.8844429850578308,2.1037936210632324
0.8844429850578308,1.942777395248413
0.7697709798812866,1.8193609714508057
0.7702100276947021,1.701398491859436
0.7702100276947021,1.5065823793411255
0.6418280005455017,1.8306503295898438
0.6418280005455017,1.605692982673645
0.8937159180641174,1.668902039527893
0.5247250199317932,1.7219904661178589
0.5247250199317932,1.372366189956665
0.5142210125923157,1.4614979028701782
0.5142210125923157,1.3472886085510254
0.7172748446464539,1.4221991300582886
0.6410769820213318,1.653270959854126
0.6410769820213318,1.6742868423461914
0.4689820110797882,1.5338205099105835
0.4689820110797882,1.2078171968460083
1.2037500143051147,1.3195194005966187
0.7911959886550903,1.6484465599060059
0.7911959886550903,1.5466586351394653
1.1363011598587036,1.60106360912323
1.1363011598587036,1.6795305013656616
0.8642929792404175,1.4740153551101685
0.8814030289649963,1.622128963470459
0.8814030289649963,1.8863434791564941
0.5817409753799438,1.7624388933181763
0.5817409753799438,1.4918605089187622
0.865119993686676,1.361744999885559
0.9078124761581421,1.708743929862976
0.9078124761581421,1.6820085048675537
0.7377740144729614,1.61491858959198
0.7377740144729614,1.549224615097046
1.1203750371932983,1.6165539026260376
0.9422479271888733,2.022063732147217
0.9422479271888733,2.050783634185791
1.0600600242614746,1.9270009994506836
1.0706000328063965,2.020998239517212
0.7158420085906982,1.9903796911239624
0.4040209949016571,1.7443572282791138
0.4040209949016571,1.187403678894043
0.2920779883861542,1.3350409269332886
0.2920779883861542,1.2426557540893555
0.631792426109314,1.3030524253845215
1.1246652603149414,1.3346556425094604
1.1246652603149414,2.0287907123565674
1.1156909465789795,1.9957636594772339
1.1156909465789795,2.0267765522003174
1.247418999671936,1.7577952146530151
0.6976169943809509,2.1067821979522705
0.6976169943809509,1.7015694379806519
3.6939752101898193,1.7179193496704102
3.6939752101898193,3.8690154552459717
0.8204839825630188,4.081240653991699
0.8573070168495178,2.081667900085449
0.8573070168495178,1.6897335052490234
0.69023597240448,1.853767991065979
0.69023597240448,1.770896315574646
0.8385969996452332,1.5867235660552979
1.2877269983291626,1.2821871042251587
1.2877269983291626,1.9988667964935303
0.9632230401039124,1.891153335571289
0.9632230401039124,1.6919564008712769
1.3432999849319458,1.8859227895736694
0.7316169738769531,2.1164495944976807
0.7316169738769531,1.8690710067749023
0.6809219717979431,1.565515398979187
0.6809219717979431,1.457194209098816
0.7014784216880798,1.6689938306808472
0.6698030233383179,1.5845117568969727
0.6698030233383179,1.4383882284164429
1.36564302444458,1.4007771015167236
1.36564302444458,2.0510752201080322
0.9781420230865479,2.240328311920166
0.6786789894104004,1.782994270324707
0.6786789894104004,1.6431025266647339
0.5976330041885376,1.5886836051940918
0.5976330041885376,1.2460004091262817
0.8193774819374084,1.4733575582504272
0.7911109924316406,1.6998060941696167
0.7911109924316406,1.5315639972686768
1.0441473722457886,1.7482932806015015
1.0441473722457886,1.9730621576309204
1.400015950202942,1.9227333068847656
0.874862015247345,1.9890228509902954
0.874862015247345,1.6671135425567627
0.6228179931640625,1.6782339811325073
0.6228179931640625,1.540900468826294
0.716405987739563,1.4426463842391968
0.6523500084877014,1.4688316583633423
0.6523500084877014,1.5963343381881714
0.9379299283027649,1.6787655353546143
0.9379299283027649,1.4784444570541382
0.5936999917030334,1.9809800386428833
0.5393440127372742,1.5210721492767334
0.5393440127372742,1.6919902563095093
0.9370089769363403,1.313879132270813
0.9370089769363403,1.9530056715011597
0.8087720274925232,1.4811044931411743
0.5654280185699463,1.6168233156204224
0.5654280185699463,1.664313793182373
0.6020820140838623,1.3178417682647705
0.6020820140838623,1.6147887706756592
1.1466799974441528,1.3710592985153198
0.9824249744415283,2.107229709625244
0.9824249744415283,1.9649577140808105
0.5671510100364685,1.7398990392684937
0.5671510100364685,1.4110298156738281
0.7866399884223938,1.3059136867523193
0.7388439774513245,1.5117449760437012
0.7388439774513245,1.3845645189285278
0.6810299754142761,1.6888078451156616
0.6810299754142761,1.5096491575241089
0.7086979746818542,1.5029149055480957
0.6642330288887024,1.3788660764694214
0.6642330288887024,1.5864945650100708
0.5124790072441101,1.448328971862793
0.5124790072441101,1.5388107299804688
0.6040380001068115,1.1799235343933105
0.6728799939155579,1.5108011960983276
0.6728799939155579,1.6905457973480225
0.8265414834022522,1.6168445348739624
0.8265414834022522,1.4844624996185303
0.4546860158443451,1.7875169515609741
0.5594509840011597,1.329164981842041
0.5594509840011597,1.2689979076385498
0.1332218050956726,1.1799168586730957
0.1332218050956726,1.1772130727767944
0.16330699622631073,0.9427571296691895
0.17978604137897491,0.983699381351471
0.17978604137897491,0.9396783709526062
0.5747918486595154,1.0791805982589722
0.5747918486595154,1.4107577800750732
0.8508148789405823,1.4484434127807617
0.8527640104293823,1.5007249116897583
0.8527640104293823,1.6314367055892944
1.6876280307769775,1.597956895828247
1.6876280307769775,2.2633755207061768
2.149522066116333,2.162039279937744
0.8122850060462952,2.617908477783203
0.8122850060462952,2.0210013389587402
1.2396399974822998,1.6608344316482544
1.2396399974822998,1.8385783433914185
2.1284372806549072,1.9246375560760498
2.1392390727996826,2.8624277114868164
2.1392390727996826,2.5258641242980957
0.9779880046844482,2.815035104751587
0.9779880046844482,1.9579496383666992
0.6937779784202576,1.7054299116134644
0.7218790054321289,1.5489020347595215
0.7218790054321289,1.654893159866333
0.7631160020828247,1.6161259412765503
0.7631160020828247,1.7233974933624268
0.8565329909324646,1.7168744802474976
1.1093380451202393,1.7055189609527588
1.1093380451202393,1.8887317180633545
0.6476340293884277,1.9713400602340698
0.6476340293884277,1.6271793842315674
0.9241869449615479,1.6482347249984741
0.7877320051193237,1.8119112253189087
0.7877320051193237,1.6672471761703491
1.3055670261383057,1.8726933002471924
1.3055670261383057,2.1350021362304688
0.9107710123062134,2.159083604812622
0.8699640035629272,1.6885058879852295
0.8699640035629272,1.815380573272705
0.5743020176887512,1.754866123199463
0.5743020176887512,1.7316734790802002
0.8599532246589661,1.5023850202560425
0.47758498787879944,1.7697232961654663
0.47758498787879944,1.488093614578247
1.1080174446105957,1.4836674928665161
1.1080174446105957,1.849214792251587
1.2907249927520752,1.7350460290908813
0.8591579794883728,2.175159215927124
0.8591579794883728,1.9201955795288086
0.3058980107307434,1.7756212949752808
0.3058980107307434,1.1940431594848633
0.903901994228363,1.0166276693344116
0.6352750062942505,1.716139554977417
0.6352750062942505,1.485590934753418
1.0234229564666748,1.4513531923294067
1.0234229564666748,1.5596674680709839
0.6730669736862183,1.666824221611023
0.850479006767273,1.4116297960281372
0.850479006767273,1.748279094696045
0.5141969919204712,1.562134027481079
0.5141969919204712,1.2424017190933228
1.5279566049575806,1.3779445886611938
4.094385623931885,2.1585066318511963
4.094385623931885,4.110686302185059
0.9952359795570374,4.2345781326293945
0.9952359795570374,2.1942191123962402
0.867044985294342,1.8883976936340332
1.1410560607910156,1.7346765995025635
1.1485329866409302,2.099440813064575
1.622257947921753,2.024351119995117
1.622257947921753,2.410710334777832
1.9897880554199219,2.5228946208953857
1.3755470514297485,2.499006748199463
1.3755470514297485,2.4504191875457764
1.8518650531768799,1.975610375404358
1.8518650531768799,2.632575273513794
1.4209239482879639,2.642428398132324
1.5891779661178589,2.230041980743408
1.5891779661178589,2.2089452743530273
1.6731994152069092,2.4436380863189697
1.6731994152069092,2.3162343502044678
2.123934030532837,2.459019422531128
1.6484019756317139,2.7187209129333496
1.6484019756317139,2.2078452110290527
1.2047419548034668,2.2663044929504395
1.2047419548034668,2.0335888862609863
0.7920839786529541,2.1270549297332764
1.227027416229248,1.5131018161773682
1.227027416229248,1.9500924348831177
1.226951003074646,1.9618948698043823
1.226951003074646,1.9198817014694214
1.131343960762024,2.1534583568573
1.252465009689331,1.907258152961731
1.252465009689331,2.026963710784912
1.1168919801712036,2.039694309234619
1.1168919801712036,2.1078691482543945
1.1223870515823364,2.1013686656951904
1.0401530265808105,2.02426815032959
1.0401530265808105,1.7611596584320068
0.8091310262680054,1.982933759689331
0.8091310262680054,1.6566880941390991
0.7681059837341309,1.8528363704681396
0.7982919812202454,1.633880376815796
0.7982919812202454,1.7190887928009033
0.7666722536087036,1.7568473815917969
0.7666722536087036,1.6864910125732422
1.057360053062439,1.7461851835250854
0.8607699871063232,1.745201587677002
0.8607699871063232,1.8176108598709106
1.0707770586013794,1.5104426145553589
1.0707770586013794,1.8695850372314453
0.5301510095596313,1.7070506811141968
0.6604189872741699,1.604018211364746
0.6604189872741699,1.4739731550216675
0.990917980670929,1.6126723289489746
0.990917980670929,1.8731666803359985
0.3561530113220215,1.645789384841919
0.9618239998817444,1.2575352191925049
0.9618239998817444,1.610514760017395
1.2448290586471558,1.913252592086792
1.2448290586471558,2.0240843296051025
0.8381230235099792,1.7622859477996826
0.9245990514755249,1.7459853887557983
0.9245990514755249,1.8113077878952026
0.8131660223007202,1.5804224014282227
0.8131660223007202,1.7837132215499878
1.003061056137085,1.5928750038146973
0.8752340078353882,1.8147573471069336
0.8752340078353882,1.623220682144165
0.7991399765014648,1.8123528957366943
0.7991399765014648,1.5102933645248413
0.8812961578369141,1.7067676782608032
1.0630801916122437,1.3235222101211548
1.0630801916122437,1.869430422782898
0.9057050347328186,1.8742623329162598
0.9057050347328186,1.786980390548706
0.6909559965133667,1.7294752597808838
1.355970025062561,1.5153552293777466
1.355970025062561,2.0546915531158447
0.7572399973869324,2.1734328269958496
0.7572399973869324,1.5791041851043701
2.0437545776367188,1.4277211427688599
0.8576130270957947,2.4479146003723145
0.8576130270957947,1.8105559349060059
2.364957094192505,1.7871198654174805
2.364957094192505,2.777292251586914
4.1792311668396,2.594275712966919
2.2335619926452637,4.152691841125488
2.2335619926452637,3.175685405731201
0.8013390302658081,3.0608761310577393
0.8013390302658081,1.895715355873108
0.8372840285301208,1.7847245931625366
0.8851529955863953,1.7774890661239624
0.8851529955863953,1.7904493808746338
0.9040349721908569,1.650698184967041
0.9040349721908569,1.6239988803863525
1.302939534187317,1.6675313711166382
0.7228699922561646,1.838465690612793
0.7228699922561646,1.7359191179275513
0.8009120225906372,1.6236836910247803
0.8009120225906372,1.6735165119171143
1.0329192876815796,1.838570237159729
1.321628212928772,1.8711625337600708
1.321628212928772,1.8067567348480225
0.9367760419845581,2.206099510192871
0.9367760419845581,1.7449467182159424
0.7007700204849243,1.815445899963379
0.7624319791793823,1.5654401779174805
0.7624319791793823,1.6701279878616333
1.1449389457702637,1.580201506614685
1.1449389457702637,1.9479871988296509
0.7721610069274902,2.0984199047088623
0.8772150278091431,1.723449945449829
0.8772150278091431,1.8272546529769897
1.2435050010681152,2.025221824645996
1.2549749612808228,2.028597116470337
0.6381840109825134,2.185454845428467
0.7468199729919434,1.6289812326431274
0.7468199729919434,1.5625191926956177
0.6839929819107056,1.594735860824585
0.6839929819107056,1.47310471534729
1.4195051193237305,1.401469349861145
0.6141470074653625,2.045015335083008
0.6141470074653625,1.6588791608810425
0.7347676753997803,1.5029994249343872
0.7347676753997803,1.5580757856369019
0.6770560145378113,1.6366547346115112
1.0740269422531128,1.545932650566101
1.0740269422531128,1.4802014827728271
0.6156389713287354,1.9455026388168335
0.6156389713287354,1.5864014625549316
0.9692379832267761,1.3643195629119873
0.9916120171546936,1.8891690969467163
0.9916120171546936,1.9139970541000366
0.8089560270309448,1.4378079175949097
0.8089560270309448,1.721181035041809
2.4351439476013184,1.873654842376709
0.8223479986190796,2.8085849285125732
0.8223479986190796,1.7397799491882324
0.5938220024108887,1.6875532865524292
0.5938220024108887,1.4233168363571167
0.5762249827384949,1.5586074590682983
0.42242398858070374,1.5572113990783691
0.42242398858070374,1.5107568502426147
0.6765879988670349,1.5354844331741333
0.6765879988670349,1.4981591701507568
0.5520349740982056,1.6792664527893066
0.9015229940414429,1.4232620000839233
0.9015229940414429,1.9149376153945923
0.7489960193634033,1.734753131866455
0.7489960193634033,1.69619882106781
0.8627583980560303,1.732317566871643
0.948074996471405,1.8207348585128784
0.948074996471405,1.943860411643982
1.0556138753890991,1.7126572132110596
1.0556138753890991,1.7759983539581299
1.970020055770874,1.8467563390731812
0.9391199350357056,2.477837562561035
0.9391199350357056,1.9793332815170288
1.0090429782867432,1.6227096319198608
1.0090429782867432,1.8960235118865967
0.7824029922485352,1.7617002725601196
1.0162650346755981,1.7203890085220337
1.0162650346755981,2.030653715133667
0.8782749772071838,2.05141282081604
0.8782749772071838,1.8624985218048096
0.7353619933128357,1.9031420946121216
1.1099909543991089,1.8764406442642212
1.1099909543991089,1.914707064628601
0.7727199792861938,2.206859827041626
0.7727199792861938,1.8902487754821777
1.1649819612503052,1.750504732131958
0.7157210111618042,1.878221869468689
0.7157210111618042,1.8502706289291382
1.475479006767273,1.6250500679016113
1.475479006767273,2.128692388534546
0.8354520201683044,2.4321632385253906
0.734466016292572,1.923435091972351
0.734466016292572,1.5537865161895752
0.786192774772644,1.6927225589752197
0.786192774772644,1.7608599662780762
1.1434650421142578,1.6431607007980347
0.9246990084648132,1.6932260990142822
0.9246990084648132,1.7460014820098877
2.9587645530700684,1.7970612049102783
2.9587645530700684,3.257783889770508
2.138324022293091,3.4374611377716064
2.0387120246887207,3.0529463291168213
4.077424049377441,2.59186053276062
1.4802099466323853,3.9531967639923096
1.4802099466323853,2.4794347286224365
0.9367650747299194,2.0170910358428955
1.7159397602081299,1.8885139226913452
1.7159397602081299,2.3509533405303955
1.0014020204544067,2.5552613735198975
1.0014020204544067,1.8040108680725098
0.8896229863166809,1.8647992610931396
0.7492939829826355,1.6741365194320679
0.7492939829826355,1.4536116123199463
1.11518394947052,1.5364950895309448
1.11518394947052,1.7753888368606567
0.945781946182251,1.7999427318572998
0.645218014717102,1.9700415134429932
0.645218014717102,1.6193870306015015
1.1648420095443726,1.467822551727295
1.1648420095443726,1.9601126909255981
1.2443510293960571,2.0317556858062744
0.9045109748840332,1.8991742134094238
0.9045109748840332,1.8959828615188599
0.5575259923934937,1.3857768774032593
0.5575259923934937,1.6237928867340088
0.5778343677520752,1.5981545448303223
0.7199835777282715,1.172951340675354
0.7199835777282715,1.5239439010620117
0.7607790231704712,1.441602349281311
0.7607790231704712,1.610329031944275
0.540440022945404,1.2673907279968262
0.800967276096344,1.4104713201522827
0.800967276096344,1.5426392555236816
0.7710149884223938,1.686212182044983
0.7710149884223938,1.5372990369796753
0.6709719896316528,1.7239798307418823
2.768970489501953,1.5557032823562622
2.768970489501953,2.871553659439087
3.0861330032348633,3.3882594108581543
3.0861330032348633,3.554438829421997
1.1163580417633057,3.5637638568878174
1.0182609558105469,2.1194465160369873
1.0244100093841553,1.7525779008865356
0.7442610263824463,1.775089979171753
0.7442610263824463,1.5396292209625244
1.114386796951294,1.8371930122375488
1.3805164098739624,1.7865076065063477
1.3805164098739624,2.0569941997528076
1.2290984392166138,2.3552780151367188
1.2290984392166138,2.185103178024292
1.5732389688491821,2.180070638656616
1.2455979585647583,1.981307029724121
1.2455979585647583,2.3227388858795166
0.8298619985580444,2.099661111831665
0.8298619985580444,1.6474709510803223
0.5376980304718018,1.5226000547409058
0.8593800067901611,1.6772223711013794
0.8593800067901611,1.669410228729248
0.7949647903442383,1.8461472988128662
0.7949647903442383,1.7012485265731812
0.8122889995574951,1.198006272315979
1.209460973739624,1.6012637615203857
1.209460973739624,1.7334693670272827
1.0436110496520996,1.829709529876709
1.0436110496520996,1.8086618185043335
0.9914459586143494,1.7153347730636597
1.3776459693908691,1.7192097902297974
1.3776459693908691,2.013806104660034
0.7495359778404236,2.2414886951446533
0.7495359778404236,1.7531335353851318
0.7549669742584229,1.6886886358261108
0.8522210121154785,1.4451501369476318
0.8522210121154785,1.5363359451293945
1.3126280307769775,1.783827781677246
1.3126280307769775,1.9142488241195679
0.9499999284744263,2.0998752117156982
0.8433979749679565,1.8166170120239258
0.8433979749679565,1.7897679805755615
0.6329939961433411,1.7899236679077148
0.6329939961433411,1.7415134906768799
0.6848490238189697,1.6712573766708374
0.8296039700508118,1.5753393173217773
0.8296039700508118,1.8107922077178955
1.1177760362625122,1.5033007860183716
1.1177760362625122,1.9606666564941406
1.06051504611969,1.9805132150650024
0.9966710209846497,1.8962233066558838
0.9966710209846497,1.4505629539489746
0.6726049780845642,1.774375319480896
0.6726049780845642,1.7163360118865967
0.8499810099601746,1.686073660850525
0.7929700016975403,1.7722738981246948
0.7929700016975403,1.4700342416763306
0.7509549856185913,1.7610957622528076
0.7509549856185913,1.5903571844100952
0.9556260108947754,1.6561493873596191
0.6085839867591858,1.4855653047561646
0.6085839867591858,1.4720157384872437
0.778249979019165,1.3573803901672363
0.778249979019165,1.565986156463623
0.5098140239715576,1.3847736120224
0.6364319920539856,1.5607960224151611
0.6364319920539856,1.3745319843292236
0.6015599966049194,1.623825192451477
0.6015599966049194,1.4792622327804565
0.6556333899497986,1.5999152660369873
0.6385549902915955,1.783911108970642
0.6385549902915955,1.2882457971572876
0.8762890100479126,1.5869548320770264
0.8762890100479126,1.5668869018554688
0.7967479825019836,1.5187631845474243
0.6824830174446106,1.702201008796692
0.6824830174446106,1.6304705142974854
0.8025500178337097,1.630589485168457
0.8025500178337097,1.588588833808899
0.7950311899185181,1.6241562366485596
1.5848970413208008,1.6512956619262695
1.5848970413208008,2.377281665802002
1.0174859762191772,2.1991188526153564
1.0174859762191772,2.082408905029297
0.917777955532074,2.033730983734131
1.2302210330963135,1.8123353719711304
1.2302210330963135,1.9202415943145752
1.0278990268707275,1.9074479341506958
1.0278990268707275,1.8522382974624634
0.912555992603302,1.7845114469528198
0.7935979962348938,1.8815163373947144
0.7935979962348938,1.6217344999313354
1.03043794631958,1.7719062566757202
1.03043794631958,1.9400349855422974
0.5325379967689514,1.970767855644226
0.6127780079841614,1.519792079925537
0.6127780079841614,1.5471266508102417
0.8741289973258972,1.5270648002624512
0.8741289973258972,1.6384774446487427
0.3667230010032654,1.7084894180297852
0.739175021648407,1.2239651679992676
0.739175021648407,1.3978774547576904
0.5604230165481567,1.5043131113052368
0.5604230165481567,1.3599151372909546
0.7758178114891052,1.4853781461715698
0.8102909922599792,1.5714111328125
0.8102909922599792,1.624161958694458
0.6437510251998901,1.5152466297149658
0.6437510251998901,1.4929723739624023
0.7236457467079163,1.5627586841583252
0.9113869667053223,1.665499210357666
0.9113869667053223,1.7230899333953857
0.6627830266952515,1.7819260358810425
0.6627830266952515,1.4189962148666382
1.0020359754562378,1.5232595205307007
0.8224419951438904,1.9046516418457031
0.8224419951438904,1.7759120464324951
1.0305769443511963,1.6923086643218994
1.0305769443511963,1.8981190919876099
0.6781139969825745,2.01346492767334
0.5333459973335266,1.839456558227539
0.5333459973335266,1.5498000383377075
0.3209959864616394,1.5682228803634644
0.3209959864616394,1.3037028312683105
0.7608630061149597,1.2616809606552124
0.7439860105514526,1.5092095136642456
0.7439860105514526,1.3317408561706543
0.5468400120735168,1.5966792106628418
0.5468400120735168,1.5133136510849
0.7004669904708862,1.3875441551208496
0.8356525897979736,1.6007922887802124
0.8356525897979736,1.8127970695495605
1.2742589712142944,1.6767268180847168
2.548517942428589,1.912474513053894
0.8934450149536133,3.1581485271453857
0.6211659908294678,1.880220890045166
0.6211659908294678,1.4204798936843872
0.7900159955024719,1.442064642906189
0.7900159955024719,1.705693244934082
1.0674949884414673,1.941730260848999
0.6698009967803955,1.7828047275543213
0.6698009967803955,1.7297724485397339
1.2656949758529663,1.495078206062317
1.2656949758529663,2.153970241546631
0.6380620002746582,2.0381851196289062
0.9348030090332031,1.7332673072814941
0.9348030090332031,1.5850560665130615
0.8006410002708435,1.866807222366333
0.8006410002708435,1.542284607887268
1.0857089757919312,1.8333677053451538
0.3527039885520935,1.6106563806533813
0.3527039885520935,1.6308815479278564
0.5883709788322449,1.3094230890274048
0.5883709788322449,1.4503964185714722
0.4875420033931732,1.3048518896102905
0.4636880159378052,1.429901123046875
0.4636880159378052,1.1350820064544678
0.36370399594306946,1.3607655763626099
0.36370399594306946,1.3411083221435547
0.8750243186950684,1.2889100313186646
0.6435279846191406,1.604143738746643
0.6435279846191406,1.549716591835022
0.48341304063796997,1.6073983907699585
0.48341304063796997,1.2201619148254395
0.21208900213241577,1.5167485475540161
0.4560469686985016,1.2282191514968872
0.4560469686985016,1.2526625394821167
0.43679100275039673,1.380671501159668
0.43679100275039673,1.3344073295593262
0.723880410194397,1.2839423418045044
0.556069016456604,1.4309213161468506
0.556069016456604,1.3966946601867676
0.47484296560287476,1.3549127578735352
0.47484296560287476,1.3287492990493774
0.2674640119075775,1.3419018983840942
0.9588437676429749,1.3181078433990479
0.9588437676429749,1.5993139743804932
0.7868980169296265,2.0138661861419678
0.7868980169296265,1.6939117908477783
1.7943609952926636,1.780287265777588
1.3376779556274414,2.4771597385406494
1.3376779556274414,1.9961059093475342
1.210453987121582,1.7501169443130493
1.210453987121582,1.7871862649917603
0.5654799938201904,2.0205304622650146
0.4008429944515228,1.4175221920013428
0.4008429944515228,1.4454278945922852
0.27276548743247986,1.2903993129730225
0.27276548743247986,1.2079975605010986
0.5836449861526489,1.2793198823928833
0.8533802628517151,1.4200609922409058
0.8533802628517151,1.6258854866027832
0.8660610318183899,1.7424966096878052
0.8660610318183899,1.8470416069030762
1.1583499908447266,1.8400440216064453
0.7764859795570374,2.060640811920166
0.7764859795570374,1.6962438821792603
1.0688070058822632,1.8764641284942627
1.0688070058822632,1.7158490419387817
0.5888479948043823,1.92571222782135
1.588868498802185,1.735784649848938
1.588868498802185,2.1989336013793945
0.4327859878540039,2.5137648582458496
0.4327859878540039,1.6809031963348389
0.399603009223938,1.4075241088867188
0.5545350313186646,1.3645652532577515
0.5545350313186646,1.4299260377883911
0.6221979856491089,1.2481756210327148
0.6221979856491089,1.5091304779052734
1.1495519876480103,1.648949384689331
1.1212600469589233,1.90787935256958
1.1212600469589233,2.0707156658172607
0.9776460528373718,2.030435085296631
0.9776460528373718,2.016547203063965
1.7327419519424438,1.9988722801208496
2.3027079105377197,1.9781851768493652
2.3027079105377197,2.770709991455078
1.0534770488739014,3.0468528270721436
1.0534770488739014,1.8567736148834229
0.796280026435852,1.943070411682129
0.5203329920768738,1.6789213418960571
0.5203329920768738,1.3342399597167969
0.610480010509491,1.387984275817871
0.610480010509491,1.511838674545288
0.44530579447746277,1.4853826761245728
0.6522138714790344,1.4029598236083984
0.6522138714790344,1.4349859952926636
1.1755411624908447,1.6139824390411377
1.1755411624908447,1.9295740127563477
1.032202124595642,1.8631218671798706
0.7193930149078369,1.8816094398498535
0.7193930149078369,1.8128738403320312
0.8200139999389648,1.4823360443115234
0.8200139999389648,1.4841444492340088
0.9497330188751221,1.7429111003875732
1.0391149520874023,1.778237223625183
1.0391149520874023,1.8392915725708008
0.5883830189704895,1.9087485074996948
0.5883830189704895,1.5812855958938599
0.9508560299873352,1.5624867677688599
0.5277600288391113,1.6474956274032593
0.5277600288391113,1.5222722291946411
0.7736063003540039,1.4230623245239258
0.7736063003540039,1.6494148969650269
0.9703559279441833,1.3187901973724365
1.38388991355896,1.841792345046997
1.38388991355896,1.9609544277191162
0.7795230150222778,2.1184401512145996
0.7795230150222778,1.8855479955673218
0.6069999933242798,1.5968025922775269
0.46605703234672546,1.4583001136779785
0.46605703234672546,1.5214403867721558
0.9455270171165466,1.4811424016952515
0.9455270171165466,1.8148385286331177
0.6238729953765869,1.7424975633621216
0.3923240005970001,1.5407023429870605
0.3923240005970001,1.2077556848526
0.515654981136322,1.3236448764801025
0.515654981136322,1.4621789455413818
0.9679385423660278,1.1859662532806396
1.3565659523010254,1.7639175653457642
1.3565659523010254,2.1648921966552734
0.9072690010070801,2.208265542984009
0.9072690010070801,1.6832382678985596
0.8162760138511658,1.8731950521469116
2.4798669815063477,1.8052668571472168
2.4798669815063477,2.8471157550811768
1.133080005645752,2.962310314178467
1.133080005645752,2.107602596282959
1.045583963394165,2.0717856884002686
0.8474370241165161,1.6350172758102417
0.8474370241165161,1.7709532976150513
1.5365229845046997,1.9718849658966064
1.5365229845046997,2.3028488159179688
0.9008990526199341,2.0645971298217773
0.4812009632587433,1.9752553701400757
0.4812009632587433,1.5033166408538818
0.8572540283203125,1.3942244052886963
0.8572540283203125,1.6205588579177856
0.8617479801177979,1.7532777786254883
1.008694052696228,1.6794390678405762
1.008694052696228,1.753070592880249
1.1277270317077637,1.813894510269165
1.1277270317077637,1.9652817249298096
0.7795569896697998,1.9290120601654053
0.9895502924919128,1.621061086654663
0.9895502924919128,1.6602473258972168
0.8363329768180847,1.8233287334442139
0.8363329768180847,1.58743155002594
0.9099559783935547,1.9015370607376099
0.5511059761047363,1.5245860815048218
0.5511059761047363,1.3226990699768066
1.2397643327713013,1.280914306640625
1.2397643327713013,1.8537763357162476
1.211838960647583,2.142824172973633
1.3799819946289062,1.727746605873108
1.3799819946289062,2.116577625274658
1.1484609842300415,2.282972812652588
1.1484609842300415,1.9984744787216187
0.7663900256156921,2.020913600921631
0.9660840034484863,1.803718090057373
0.9660840034484863,1.664402723312378
0.8156750202178955,1.9364136457443237
0.8156750202178955,1.7539180517196655
1.14227294921875,1.6227513551712036
1.2994799613952637,1.8128025531768799
1.2994799613952637,1.9565024375915527
0.858331024646759,2.025369882583618
0.858331024646759,1.7336337566375732
0.714946985244751,1.699874997138977
0.8764400482177734,1.5576341152191162
0.8764400482177734,1.54326593875885
0.8305460214614868,1.8759264945983887
0.8305460214614868,1.5707167387008667
0.8535240292549133,1.705055832862854
0.9092410206794739,1.651394009590149
0.9092410206794739,1.7727717161178589
0.5202720165252686,1.7472059726715088
0.5202720165252686,1.4366981983184814
0.741104006767273,1.2775193452835083
0.5853319764137268,1.3346786499023438
0.5853319764137268,1.4987831115722656
0.5047770142555237,1.521106243133545
0.5047770142555237,1.2879568338394165
0.5519493222236633,1.4433541297912598
0.9697520732879639,1.6826807260513306
0.9697520732879639,1.7079615592956543
1.1165159940719604,1.899734616279602
1.1165159940719604,2.0282437801361084
1.0498449802398682,1.8436371088027954
0.6342629790306091,1.8672147989273071
0.6342629790306091,1.7055552005767822
0.5644329786300659,1.6264488697052002
0.5644329786300659,1.5502114295959473
0.9184709191322327,1.6231132745742798
0.9593539834022522,1.8057527542114258
0.9593539834022522,1.6780232191085815
0.5984159708023071,1.957641363143921
0.5984159708023071,1.720166802406311
0.9383450150489807,1.729677438735962
0.45422500371932983,1.8627676963806152
0.45422500371932983,1.6883981227874756
0.7079470157623291,1.211761474609375
0.7079470157623291,1.5539888143539429
0.3876500129699707,1.5678542852401733
0.4484339952468872,1.2904736995697021
0.4484339952468872,1.2642766237258911
0.8405709862709045,1.4392772912979126
0.8405709862709045,1.5577666759490967
0.5337110161781311,1.5544153451919556
0.7211350202560425,1.60448157787323
0.7211350202560425,1.604040265083313
0.5215386152267456,1.51252281665802
0.5215386152267456,1.4628688097000122
0.7050759792327881,1.3180465698242188
0.6405649781227112,1.5770273208618164
0.6405649781227112,1.591207504272461
0.5168589949607849,1.3331128358840942
0.5168589949607849,1.3631737232208252
1.6604094505310059,1.2967480421066284
2.4653079509735107,2.1466734409332275
2.4653079509735107,2.8710973262786865
1.622156023979187,2.9562063217163086
1.622156023979187,2.5335099697113037
1.8662699460983276,2.248168706893921
3.6235361099243164,2.794435501098633
3.6235361099243164,3.657578945159912
0.7948709726333618,4.183526992797852
0.7948709726333618,2.0675182342529297
0.9065989255905151,1.715348482131958
0.8571879863739014,1.6949869394302368
0.8571879863739014,1.6920685768127441
0.7756379842758179,1.7624340057373047
0.7756379842758179,1.77263343334198
0.7006700038909912,1.5258421897888184
0.644340991973877,1.396988868713379
0.644340991973877,1.5090023279190063
0.757955014705658,1.578218698501587
0.757955014705658,1.663104772567749
0.5499600172042847,1.6084579229354858
0.4964669644832611,1.4091466665267944
0.4964669644832611,1.4093252420425415
1.3676775693893433,1.337877631187439
1.3676775693893433,1.5653693675994873
1.397894024848938,1.9757378101348877
0.8148130178451538,2.282013416290283
0.8148130178451538,1.793375015258789
1.2788989543914795,1.8445779085159302
1.2788989543914795,2.1665263175964355
0.8623980283737183,2.1136646270751953
1.093865990638733,1.954621434211731
1.093865990638733,2.0091640949249268
0.8134710192680359,2.0437893867492676
0.8134710192680359,1.889404535293579
1.4666870832443237,1.6573466062545776
0.9060309529304504,1.952589750289917
0.9060309529304504,1.9679325819015503
0.7652140259742737,1.400414228439331
0.7652140259742737,1.7544431686401367
1.3110339641571045,1.5537517070770264
0.7892500162124634,1.8908095359802246
0.7892500162124634,1.7078250646591187
1.4749020338058472,1.7838451862335205
1.4749020338058472,2.269153594970703
0.9167850017547607,2.193732738494873
1.1861400604248047,1.8722074031829834
1.1861400604248047,1.800142526626587
1.4113919734954834,2.229050636291504
1.4113919734954834,2.2815628051757812
2.0924720764160156,2.2319040298461914
0.7189220190048218,2.6925933361053467
0.7189220190048218,1.8567757606506348
1.301861047744751,1.5947920083999634
1.301861047744751,1.7828121185302734
1.268974781036377,2.112032651901245
1.2219970226287842,1.973027229309082
1.2219970226287842,1.7390307188034058
0.9061110615730286,1.8699824810028076
0.9061110615730286,1.8711810111999512
1.0788739919662476,1.897215723991394
1.0280250310897827,1.8925727605819702
1.0280250310897827,1.7761608362197876
0.7863690257072449,1.4612177610397339
0.7863690257072449,1.7880301475524902
1.2768529653549194,1.2514935731887817
0.7093420028686523,2.0333163738250732
0.7093420028686523,1.489988088607788
0.5201929807662964,1.5679221153259277
0.5201929807662964,1.4926841259002686
0.5645610094070435,1.5536283254623413
0.9855200052261353,1.4469754695892334
0.9855200052261353,1.8472882509231567
1.0928419828414917,1.9352085590362549
1.0928419828414917,1.8218613862991333
0.478689968585968,1.7708802223205566
0.39550599455833435,1.4365657567977905
0.39550599455833435,1.308154582977295
1.8507030010223389,1.301507592201233
1.8507030010223389,2.3363447189331055
1.195796012878418,2.648155450820923
1.7025108337402344,2.1290805339813232
1.7025108337402344,2.2507975101470947
2.9983510971069336,2.3929409980773926
2.9983510971069336,3.410395622253418
2.407080888748169,3.2848734855651855
2.5859439373016357,2.9732964038848877
2.5859439373016357,3.0288009643554688
2.2338390350341797,3.1861400604248047
2.2338390350341797,2.5678627490997314
1.6557730436325073,2.9176266193389893
1.43061101436615,2.6730973720550537
1.43061101436615,2.382723569869995
0.8921740055084229,2.2618837356567383
0.8921740055084229,1.7294178009033203
1.2316969633102417,1.639548420906067
0.8955080509185791,2.1621451377868652
0.8955080509185791,1.7353743314743042
1.602033019065857,1.8030710220336914
1.602033019065857,1.9743448495864868
1.5853990316390991,2.4711899757385254
1.2320599555969238,2.407099962234497
1.2320599555969238,2.106534719467163
1.2103710174560547,1.9297029972076416
1.2103710174560547,2.0657601356506348
1.2421410083770752,2.09975266456604
0.9857040047645569,1.9398618936538696
0.9857040047645569,1.7419191598892212
0.7289689779281616,1.8560608625411987
0.7289689779281616,1.6035082340240479
0.6761519908905029,1.7884060144424438
1.07157301902771,1.7952724695205688
1.07157301902771,1.5203282833099365
0.945743978023529,1.8417468070983887
0.945743978023529,1.882142186164856
0.43763700127601624,1.8128856420516968
0.5141820311546326,1.4658068418502808
0.5141820311546326,1.2255635261535645
0.3387190103530884,1.543218731880188
0.3387190103530884,1.3571374416351318
0.7144280076026917,1.3073046207427979
0.4996199905872345,1.6478959321975708
0.4996199905872345,1.1849095821380615
0.791737973690033,1.3494163751602173
0.791737973690033,1.4504694938659668
0.8646243214607239,1.5748703479766846
0.6024960279464722,1.5286909341812134
0.6024960279464722,1.474616289138794
1.2600699663162231,1.4200471639633179
1.2600699663162231,1.7750482559204102
1.0123399496078491,1.9600707292556763
1.0045289993286133,1.8574843406677246
1.0045289993286133,1.9499183893203735
0.6310235261917114,1.561085820198059
0.6310235261917114,1.465079665184021
1.141221046447754,1.713966727256775
0.5426099896430969,1.9855824708938599
0.5426099896430969,1.63230562210083
0.8547459840774536,1.3139243125915527
0.8547459840774536,1.6780577898025513
0.7744219899177551,1.6993839740753174
0.30843400955200195,1.7013146877288818
0.30843400955200195,1.3648250102996826
0.8376209735870361,1.3470839262008667
0.8376209735870361,1.6836045980453491
0.7293469905853271,1.5915311574935913
0.7503905892372131,1.6951714754104614
0.7503905892372131,1.6736416816711426
1.1348220109939575,1.718072533607483
1.1348220109939575,1.5570178031921387
1.614240050315857,2.0719003677368164
1.2447930574417114,2.324983835220337
1.2447930574417114,1.9057669639587402
0.7141630053520203,1.901289939880371
0.7141630053520203,1.6887577772140503
0.7293040156364441,1.4627106189727783
0.6486989855766296,1.7639107704162598
0.6486989855766296,1.5320388078689575
0.34279900789260864,1.4676471948623657
0.34279900789260864,1.3412481546401978
0.38618600368499756,1.3459571599960327
0.6366299986839294,1.418911099433899
0.6366299986839294,1.4389067888259888
0.39904800057411194,1.4711028337478638
0.39904800057411194,1.451847791671753
0.41788598895072937,1.3125498294830322
1.103790521621704,1.5970871448516846
1.103790521621704,2.031240940093994
0.6956189870834351,1.9098975658416748
0.6956189870834351,1.6672651767730713
0.807013988494873,1.6978822946548462
0.5947690010070801,1.7452889680862427
0.5947690010070801,1.4826562404632568
1.1076079607009888,1.532558798789978
1.1076079607009888,1.8524452447891235
0.971358060836792,2.023151397705078
0.7170349955558777,1.8413565158843994
0.7170349955558777,1.6541379690170288
0.6764810085296631,1.589708685874939
0.6764810085296631,1.5071635246276855
1.6877729892730713,1.4925616979599
0.9907570481300354,2.2898988723754883
0.9907570481300354,1.8326501846313477
0.8082039952278137,1.584250569343567
0.8082039952278137,1.8626784086227417
1.0877189636230469,1.4270005226135254
1.564818024635315,1.9166781902313232
1.564818024635315,2.2888126373291016
0.6673809885978699,2.3747270107269287
0.6673809885978699,1.575574517250061
1.2564899921417236,1.6880979537963867
1.091886043548584,1.974882960319519
1.091886043548584,1.8647936582565308
0.7375509738922119,1.947646975517273
0.7375509738922119,1.6867717504501343
0.6224380135536194,1.7502639293670654
0.8364729881286621,1.3708562850952148
0.8364729881286621,1.7294542789459229
0.577426016330719,1.5078943967819214
0.577426016330719,1.5313459634780884
1.0157610177993774,1.430188536643982
1.106158971786499,1.8525432348251343
1.106158971786499,1.6181265115737915
0.6945540308952332,1.9375362396240234
0.6945540308952332,1.6624923944473267
1.130903959274292,1.3850659132003784
0.9518219232559204,1.7813130617141724
0.9518219232559204,1.9104883670806885
0.7524570226669312,1.5946346521377563
0.7524570226669312,1.4565988779067993
0.5585229992866516,1.6690846681594849
1.4158363342285156,1.6038780212402344
1.4158363342285156,2.037438154220581
1.8552979230880737,2.212660551071167
1.8552979230880737,2.2856104373931885
0.7845479846000671,2.2980542182922363
0.8210539817810059,1.831184983253479
0.8210539817810059,1.4926574230194092
0.5835890173912048,1.6053276062011719
1.1671780347824097,1.6623950004577637
0.835972011089325,2.0362398624420166
2.1846630573272705,1.8568557500839233
2.1846630573272705,2.406782865524292
0.6805480122566223,2.774540424346924
0.6805480122566223,1.9527812004089355
1.2389049530029297,1.63556706905365
1.0303280353546143,1.9551435708999634
1.0303280353546143,2.0150389671325684
0.7914109826087952,1.590338945388794
0.7914109826087952,1.869219422340393
0.8423720002174377,1.854538083076477
0.44647103548049927,1.8624317646026611
0.44647103548049927,1.4517966508865356
0.5589337944984436,1.1490824222564697
0.5589337944984436,1.7187762260437012
0.7099329829216003,1.3850034475326538
0.7334340214729309,1.336771011352539
0.7334340214729309,1.7075200080871582
0.7833399772644043,1.4169921875
0.7833399772644043,1.6728203296661377
0.8426809906959534,1.3537471294403076
1.0997610092163086,1.7839851379394531
1.109205961227417,1.9550447463989258
0.8706315755844116,1.6356887817382812
0.8706315755844116,1.6736787557601929
0.5862460136413574,1.771167278289795
0.8863990306854248,1.5602701902389526
1.7727980613708496,1.8345799446105957
1.0193990468978882,2.4693429470062256
1.0193990468978882,1.9410499334335327
0.849361002445221,1.8129075765609741
1.0106669664382935,1.599843978881836
1.0106669664382935,1.6109250783920288
1.3315160274505615,1.953580379486084
1.3315160274505615,2.072202205657959
1.2150089740753174,2.084540843963623
1.6455910205841064,2.043621063232422
1.6455910205841064,2.314326286315918
0.970878005027771,2.460041046142578
0.970878005027771,1.7662397623062134
1.4112720489501953,1.8391236066818237
0.7953929901123047,1.975206971168518
0.7953929901123047,1.6388591527938843
1.0463310480117798,1.611777901649475
1.0463310480117798,1.9463038444519043
0.8879339694976807,2.0006167888641357
0.8349300026893616,1.5212714672088623
0.8349300026893616,1.523812174797058
0.9847200512886047,1.6652928590774536
0.9847200512886047,1.8839151859283447
1.0903940200805664,2.0671846866607666
0.49016502499580383,1.740854024887085
0.49016502499580383,1.6726077795028687
0.6141669750213623,1.1579468250274658
0.6141669750213623,1.3319262266159058
0.6314740180969238,1.5272098779678345
0.8252440094947815,1.4180924892425537
0.8252440094947815,1.5364609956741333
1.0514509677886963,1.6932498216629028
1.0514509677886963,1.7458900213241577
1.0471149682998657,1.7761889696121216
0.39214301109313965,1.814010739326477
0.39214301109313965,1.407842755317688
0.46951499581336975,1.3619160652160645
0.46951499581336975,1.3654775619506836
0.7720900177955627,1.5086665153503418
0.7520099878311157,1.4932548999786377
0.7520099878311157,1.7166237831115723
0.687739372253418,1.7480298280715942
0.687739372253418,1.7211846113204956
0.6718119978904724,1.8599056005477905
1.185933232307434,1.6570583581924438
1.185933232307434,1.9803242683410645
0.6571980118751526,2.039734363555908
0.6571980118751526,1.7266314029693604
0.8213180303573608,1.6483798027038574
0.7795739769935608,1.6874613761901855
0.7795739769935608,1.8539425134658813
1.030122995376587,1.7199273109436035
1.030122995376587,1.9832416772842407
0.6211889982223511,1.920528531074524
0.8660820126533508,1.6366037130355835
0.8660820126533508,1.722076416015625
0.9608932137489319,1.8842729330062866
0.9608932137489319,1.7646063566207886
0.67603999376297,1.7782516479492188
0.7402380108833313,1.528189778327942
0.7402380108833313,1.5975977182388306
0.5984709858894348,1.3196321725845337
0.5984709858894348,1.5997086763381958
0.6151059865951538,1.526841163635254
0.9358736276626587,1.5493429899215698
0.9358736276626587,1.6714551448822021
0.581824779510498,1.5518264770507812
0.581824779510498,1.565972924232483
0.7156659960746765,1.4745875597000122
0.6529520153999329,1.4172325134277344
0.6529520153999329,1.5444114208221436
0.970002293586731,1.1214309930801392
0.970002293586731,1.5179665088653564
0.7834500074386597,1.8518422842025757
0.7448130249977112,1.4386223554611206
0.7448130249977112,1.6244012117385864
0.8276180028915405,1.6936246156692505
0.8276180028915405,1.8272761106491089
0.8943400979042053,1.5370465517044067
2.505017042160034,1.81494140625
2.505017042160034,2.8426201343536377
1.6207120418548584,3.11283278465271
1.6207120418548584,2.502655267715454
1.4175859689712524,2.3608458042144775
1.0498720407485962,2.3797409534454346
1.0498720407485962,1.9710936546325684
1.226507544517517,1.9420320987701416
1.226507544517517,1.9988144636154175
1.0431790351867676,2.117607831954956
0.9694439768791199,2.103459119796753
0.9694439768791199,1.9045424461364746
0.819225013256073,2.030024528503418
0.819225013256073,1.752212405204773
0.8129550218582153,1.6571558713912964
0.6712080240249634,1.6268585920333862
0.6712080240249634,1.5890697240829468
0.5289899706840515,1.186315655708313
0.5289899706840515,1.3170167207717896
0.34619301557540894,1.5944403409957886
0.47894904017448425,1.2939990758895874
0.47894904017448425,1.4059966802597046
1.153810977935791,1.5588514804840088
1.153810977935791,1.9102574586868286
0.9671270251274109,2.000027656555176
0.7845839858055115,1.8041001558303833
0.7845839858055115,1.3677743673324585
0.4701859951019287,1.7083791494369507
0.4701859951019287,1.6185065507888794
0.5632782578468323,1.1354583501815796
0.24162399768829346,1.5305858850479126
0.24162399768829346,1.1320291757583618
0.27098599076271057,1.3445780277252197
0.27098599076271057,1.242283582687378
0.1994680017232895,1.2996559143066406
0.13271699845790863,1.2617751359939575
0.13271699845790863,1.1992796659469604
0.4732620120048523,0.8691698312759399
0.4732620120048523,1.4017927646636963
0.6585559844970703,1.4469728469848633
0.9621880650520325,1.6099711656570435
0.9621880650520325,1.8299349546432495
0.5111979842185974,1.8616613149642944
0.5111979842185974,1.561427116394043
0.9829790592193604,1.327305555343628
0.9100099205970764,1.6434738636016846
0.9100099205970764,1.9065968990325928
1.026576042175293,1.7217004299163818
1.026576042175293,1.8780765533447266
0.830938994884491,1.9057390689849854
0.9651919603347778,1.7706135511398315
0.9651919603347778,1.7781285047531128
1.0005439519882202,1.9753025770187378
1.0005439519882202,1.7793543338775635
1.983185052871704,1.9279282093048096
1.2748550176620483,2.5881340503692627
1.2748550176620483,2.2943387031555176
1.2865259647369385,1.9739162921905518
1.2865259647369385,2.045332908630371
1.3822449445724487,2.1454553604125977
1.7369240522384644,2.087465286254883
1.7369240522384644,2.325218677520752
1.2576680183410645,2.202240467071533
1.2576680183410645,2.20540452003479
0.7533379793167114,2.1422719955444336
1.0849089622497559,1.8088942766189575
1.0849089622497559,1.8700463771820068
1.0624940395355225,1.9080827236175537
1.0624940395355225,1.927842378616333
0.7787629961967468,1.8184939622879028
0.8256469964981079,1.3851698637008667
0.8256469964981079,1.541691780090332
0.9891829490661621,1.6739662885665894
0.9891829490661621,1.8686461448669434
1.4180920124053955,1.8673865795135498
1.1516779661178589,2.0051605701446533
1.1516779661178589,2.0740902423858643
1.250364065170288,2.061110019683838
1.250364065170288,2.1183738708496094
0.8794019818305969,2.0323617458343506
1.0894230604171753,1.6137441396713257
1.0894230604171753,1.8022408485412598
1.8090629577636719,1.8136447668075562
1.8090629577636719,2.340700149536133
0.8687390089035034,2.2848563194274902
0.8521729707717896,1.8053566217422485
0.8521729707717896,1.9406287670135498
1.307837963104248,1.7149980068206787
1.307837963104248,1.9409148693084717
1.2625759840011597,2.1490797996520996
0.760155975818634,2.037658929824829
0.760155975818634,1.845093846321106
1.0698870420455933,1.7123464345932007
1.0698870420455933,1.9731560945510864
0.8579840064048767,1.859324336051941
1.1493239402770996,1.6309980154037476
1.1493239402770996,1.8869578838348389
1.0671429634094238,1.9705144166946411
1.0671429634094238,1.9893180131912231
0.7400619983673096,1.8591417074203491
0.6799880266189575,1.7451488971710205
0.6799880266189575,1.7450753450393677
0.7323921322822571,1.5311552286148071
0.7323921322822571,1.685930848121643
0.8352749943733215,1.6829605102539062
0.6000829935073853,1.6220953464508057
0.6000829935073853,1.4737108945846558
1.0105639696121216,1.2765272855758667
1.0105639696121216,1.820348858833313
0.7613970041275024,1.5567758083343506
0.7260069847106934,1.7553224563598633
0.7260069847106934,1.5334196090698242
1.0643240213394165,1.4919872283935547
1.0643240213394165,1.890743374824524
0.5901079773902893,1.7818138599395752
0.7744659781455994,1.5808987617492676
0.7744659781455994,1.728398323059082
0.7406870126724243,1.6749464273452759
0.7406870126724243,1.6234430074691772
0.8908360004425049,1.6658813953399658
0.7620100975036621,1.6796605587005615
0.7620100975036621,1.6706840991973877
0.7774500250816345,1.6172534227371216
0.7774500250816345,1.689138412475586
0.5811070203781128,1.67269766330719
0.7908779978752136,1.3566677570343018
0.7908779978752136,1.3394982814788818
0.8903719186782837,1.6719574928283691
0.8903719186782837,1.7035026550292969
0.7882059812545776,1.8491172790527344
0.7301949858665466,1.5152255296707153
0.7301949858665466,1.754534363746643
0.924893319606781,1.5641825199127197
0.924893319606781,1.6550681591033936
1.2655869722366333,1.873340368270874
0.7884140014648438,2.0343658924102783
0.7884140014648438,1.5872715711593628
0.9180609583854675,1.6458252668380737
0.9180609583854675,1.8166272640228271
0.6569269895553589,1.6399130821228027
0.825268030166626,1.528559923171997
0.825268030166626,1.356154203414917
0.42572298645973206,1.668789029121399
0.42572298645973206,1.488976240158081
0.9114630222320557,1.169372797012329
0.7238519787788391,1.6886016130447388
0.7238519787788391,1.4406819343566895
0.9657319188117981,1.4133588075637817
0.9657319188117981,1.6943079233169556
0.7194200158119202,1.6808834075927734
0.7146480083465576,1.677398920059204
0.7146480083465576,1.5934107303619385
0.6188799738883972,1.6777329444885254
0.6188799738883972,1.7677303552627563
0.8502969741821289,1.4694792032241821
0.6113014817237854,1.771700382232666
0.6113014817237854,1.6695295572280884
0.8405809998512268,1.609596610069275
0.8405809998512268,1.8273001909255981
0.5909900069236755,1.7469937801361084
1.1918078660964966,1.6355923414230347
1.1918078660964966,2.0458436012268066
1.0724780559539795,1.9015648365020752
1.0724780559539795,1.9931517839431763
0.7976800203323364,1.7112618684768677
0.7140370011329651,1.710081696510315
0.7140370011329651,1.5280684232711792
0.8885610103607178,1.3293980360031128
0.8885610103607178,1.8371827602386475
0.7367290258407593,1.7400239706039429
0.9655409455299377,1.494877815246582
0.9655409455299377,1.507446527481079
0.8569459915161133,1.8591327667236328
0.8569459915161133,1.6148135662078857
0.5838339924812317,1.4211335182189941
3.0475621223449707,1.4832298755645752
3.0475621223449707,3.135310173034668
0.8865389823913574,3.5017664432525635
0.8865389823913574,2.0317294597625732
1.1864609718322754,1.7490938901901245
0.8750730156898499,2.056837797164917
0.8750730156898499,1.567108154296875
1.1119730472564697,1.7255234718322754
1.1119730472564697,1.619883418083191
0.6929270029067993,1.800398349761963
0.5632749795913696,1.6601241827011108
0.5632749795913696,1.5528773069381714
0.5519689917564392,1.4203977584838867
0.5519689917564392,1.3659814596176147
0.9211350083351135,1.5916411876678467
0.5465030074119568,1.6816301345825195
0.5465030074119568,1.5277999639511108
0.9997850060462952,1.4749770164489746
0.9997850060462952,1.805149793624878
0.7512239813804626,1.9213893413543701
0.8402569890022278,1.6072430610656738
0.8402569890022278,1.6206130981445312
0.7843149900436401,1.5299289226531982
0.7843149900436401,1.6459124088287354
0.5915480256080627,1.6775189638137817
0.6109840273857117,1.5148056745529175
0.6109840273857117,1.4814260005950928
0.9328790307044983,1.5711568593978882
0.9328790307044983,1.8263187408447266
0.799202024936676,1.8232388496398926
0.9833549857139587,1.6402814388275146
0.9833549857139587,1.642048954963684
0.5405290126800537,1.6916038990020752
0.5405290126800537,1.269931435585022
1.0936700105667114,1.5389312505722046
0.9266330003738403,1.7678849697113037
0.9266330003738403,1.9908068180084229
0.7972419857978821,1.741091012954712
0.7972419857978821,1.7146711349487305
0.589605987071991,1.6996233463287354
0.7799540162086487,1.5962278842926025
0.7799540162086487,1.55633544921875
0.5182790160179138,1.7843540906906128
0.5182790160179138,1.5767428874969482
0.7263879776000977,1.327284336090088
0.621636688709259,1.596842885017395
0.621636688709259,1.5127404928207397
0.8810679912567139,1.6268526315689087
0.8810679912567139,1.6092485189437866
0.7315016984939575,1.8535676002502441
0.9703850150108337,1.7555180788040161
0.9703850150108337,1.6976460218429565
0.8715350031852722,1.8320412635803223
0.8715350031852722,1.8186167478561401
0.550574004650116,1.5515004396438599
0.25762999057769775,1.5932079553604126
0.25762999057769775,1.164432168006897
0.6952109932899475,1.0950775146484375
0.6952109932899475,1.6040430068969727
0.35474300384521484,1.6282107830047607
1.308350920677185,1.2152866125106812
1.308350920677185,2.0050547122955322
1.4247100353240967,1.9131529331207275
1.4247100353240967,1.9604077339172363
2.422243118286133,2.243736743927002
1.5880931615829468,2.6539173126220703
1.5880931615829468,2.325946092605591
2.882889986038208,2.3748395442962646
2.882889986038208,3.4279279708862305
1.5108100175857544,3.591310977935791
0.5103110074996948,2.4505183696746826
0.5103110074996948,1.5588488578796387
0.6637499928474426,1.4166263341903687
0.6637499928474426,1.5595924854278564
0.5865659713745117,1.6329678297042847
0.9183000326156616,1.4725838899612427
0.9183000326156616,1.698610782623291
1.1263630390167236,1.498316764831543
1.1263630390167236,2.0007810592651367
0.9455379843711853,1.898794412612915
0.7979699969291687,1.9038103818893433
0.7979699969291687,1.61748468875885
0.8895260095596313,1.733033537864685
0.8895260095596313,1.7720099687576294
0.5017459988594055,1.7624497413635254
0.7889080047607422,1.307043194770813
0.7889080047607422,1.3087955713272095
0.5571460127830505,1.7498246431350708
0.5571460127830505,1.3651628494262695
0.8079270124435425,1.5963714122772217
0.7382910251617432,1.6745985746383667
0.7382910251617432,1.7745990753173828
0.6742079854011536,1.6130138635635376
0.6742079854011536,1.561141848564148
0.8787713646888733,1.1157176494598389
0.7401880025863647,1.693924069404602
0.7401880025863647,1.6757546663284302
0.8886500000953674,1.4157618284225464
0.8886500000953674,1.2697871923446655
0.7983270287513733,1.616317629814148
0.5137799978256226,1.7765613794326782
0.5137799978256226,1.4666037559509277
0.7760372757911682,1.5892454385757446
0.7760372757911682,1.5773979425430298
0.8528280258178711,1.7851353883743286
0.7851629853248596,1.808467984199524
0.7851629853248596,1.898844838142395
0.8431609869003296,1.6951295137405396
1.6863219738006592,1.8573627471923828
1.02479887008667,2.4521143436431885
0.804427981376648,2.208967924118042
0.804427981376648,1.7965306043624878
0.8841310143470764,1.79292631149292
0.8841310143470764,1.5334464311599731
0.3615649938583374,1.8419582843780518
1.171491026878357,1.4746285676956177
1.171491026878357,1.8896931409835815
0.4477910101413727,1.9858386516571045
0.4477910101413727,1.6982015371322632
0.7665730118751526,1.451580286026001
0.7735599875450134,1.545230507850647
0.7735599875450134,1.6880484819412231
1.0548230409622192,1.7089356184005737
1.0548230409622192,1.8513076305389404
0.7843300104141235,1.7971441745758057
1.0342509746551514,1.7304933071136475
1.0342509746551514,1.826789140701294
1.096979022026062,1.7625205516815186
1.096979022026062,1.941080093383789
0.7633029818534851,1.9684966802597046
0.5883730053901672,1.8265787363052368
0.5883730053901672,1.515886902809143
0.6365630030632019,1.3772872686386108
0.6365630030632019,1.5546681880950928
0.5750700235366821,1.5319530963897705
0.5399640202522278,1.4447715282440186
0.5399640202522278,1.4308042526245117
1.3246711492538452,1.4360287189483643
1.3246711492538452,1.8024612665176392
0.8178460001945496,2.0739898681640625
0.6359609961509705,1.6009050607681274
0.6359609961509705,1.5609058141708374
0.8135920166969299,1.5778242349624634
0.8135920166969299,1.750429630279541
0.9872139692306519,1.747868537902832
0.9839289784431458,1.7318613529205322
0.9839289784431458,1.8263863325119019
0.5904790163040161,1.9616150856018066
0.5904790163040161,1.484785795211792
0.8986790776252747,1.2951291799545288
0.626800000667572,1.7036757469177246
0.626800000667572,1.4633152484893799
0.6926850080490112,1.3452895879745483
0.6926850080490112,1.6805429458618164
0.5757049918174744,1.7642343044281006
0.676468014717102,1.5688385963439941
0.676468014717102,1.6465259790420532
0.8279470205307007,1.6499474048614502
0.8279470205307007,1.7243359088897705
0.6547859907150269,1.7809038162231445
1.0858155488967896,1.4918209314346313
1.0858155488967896,1.5219463109970093
0.8509550094604492,1.752273440361023
0.8509550094604492,1.7236106395721436
0.887935996055603,1.6402126550674438
0.6557850241661072,1.753537893295288
0.6557850241661072,1.6298460960388184
0.6597809791564941,1.741523027420044
0.6597809791564941,1.6334892511367798
0.8856279850006104,1.4881821870803833
0.7502999901771545,1.7166616916656494
0.7502999901771545,1.5711417198181152
0.9303160309791565,1.7191660404205322
0.9303160309791565,1.6042379140853882
0.7259460091590881,1.9528143405914307
0.7123904824256897,1.731842041015625
0.7123904824256897,1.6820091009140015
0.9326569437980652,1.8143959045410156
0.9326569437980652,1.5826760530471802
0.6544970273971558,1.8839510679244995
0.498727023601532,1.575912356376648
0.498727023601532,1.6031241416931152
0.9782410264015198,1.4462238550186157
0.9782410264015198,1.3460233211517334
0.5593240261077881,1.8912636041641235
0.873399019241333,1.6782692670822144
0.873399019241333,1.7602856159210205
0.6232500076293945,1.776282787322998
0.6232500076293945,1.5559755563735962
0.6319249868392944,1.4352412223815918
0.8335350155830383,1.5083272457122803
0.8335350155830383,1.5433897972106934
0.8613430261611938,1.5031999349594116
0.8613430261611938,1.6527800559997559
1.0360130071640015,1.659033179283142
0.6160370111465454,1.6876534223556519
0.6160370111465454,1.5961953401565552
0.9874529838562012,1.4344643354415894
0.9874529838562012,1.6231745481491089
0.6686739921569824,1.7005163431167603
0.6455339789390564,1.4403481483459473
0.6455339789390564,1.3485280275344849
1.0070300102233887,1.4727259874343872
1.0070300102233887,1.5023539066314697
0.7763000130653381,1.8435511589050293
0.9358490109443665,1.6780377626419067
0.9358490109443665,1.5399643182754517
0.6626719832420349,1.7403669357299805
0.6626719832420349,1.6697297096252441
1.1133519411087036,1.5985454320907593
0.5495319962501526,1.8584142923355103
0.5495319962501526,1.6653813123703003
0.9273633360862732,1.4684607982635498
0.9273633360862732,1.6543976068496704
0.8215330243110657,1.8267494440078735
0.9193540215492249,1.8713563680648804
0.9193540215492249,1.6019351482391357
0.689985990524292,1.779253363609314
0.689985990524292,1.53733229637146
0.649773895740509,1.466112732887268
0.9705050587654114,1.321303129196167
0.9705050587654114,1.568669080734253
0.8034440279006958,1.9256691932678223
0.8034440279006958,1.4176568984985352
0.8920990228652954,1.6714476346969604
0.7462270259857178,1.7423909902572632
0.7462270259857178,1.6094599962234497
1.4954074621200562,1.7505652904510498
1.4954074621200562,2.048307418823242
0.7597569823265076,2.2048277854919434
0.9677280783653259,1.773231863975525
0.9677280783653259,1.8637311458587646
1.1260110139846802,1.982343077659607
1.1260110139846802,2.113128185272217
0.7641419768333435,2.124885320663452
1.4238189458847046,1.9054791927337646
1.4238189458847046,2.0424180030822754
0.8309190273284912,2.1728904247283936
0.8309190273284912,1.7642184495925903
0.5316870212554932,1.630799412727356
0.6942920088768005,1.660339117050171
0.6942920088768005,1.8237732648849487
1.097100019454956,1.6830676794052124
1.097100019454956,1.7922523021697998
0.862371027469635,2.046661376953125
0.9711959958076477,1.949089765548706
0.9711959958076477,1.8656009435653687
0.7501904964447021,1.8596844673156738
0.7501904964447021,1.751900315284729
0.5659890174865723,1.856307864189148
0.7235890030860901,1.638229250907898
0.7235890030860901,1.5338025093078613
1.0888769626617432,1.597866415977478
1.0888769626617432,1.7177444696426392
0.2614549994468689,1.9630075693130493
0.19231680035591125,1.1361939907073975
0.19231680035591125,1.0161935091018677
0.20483900606632233,1.2927498817443848
0.20483900606632233,1.2353991270065308
0.37529999017715454,1.1528624296188354
0.18789100646972656,1.3760693073272705
0.18789100646972656,1.087989330291748
0.4178839921951294,1.0741093158721924
0.4178839921951294,1.2789722681045532
0.6128349900245667,1.314195156097412
0.4822100102901459,0.9670253396034241
0.4822100102901459,1.4234105348587036
0.813664972782135,1.1146782636642456
0.813664972782135,1.4825630187988281
0.8997989892959595,1.5837693214416504
0.7667459845542908,1.616091012954712
0.7667459845542908,1.6002886295318604
0.6762999892234802,1.8420969247817993
0.6762999892234802,1.539723515510559
0.9804093837738037,1.7537198066711426
1.0755330324172974,1.7430129051208496
1.0755330324172974,1.6868207454681396
0.6459739804267883,1.9818508625030518
0.6459739804267883,1.5927691459655762
0.7601699829101562,1.4375547170639038
0.8707180023193359,1.5666967630386353
0.8707180023193359,1.7864906787872314
1.0455570220947266,1.845894455909729
1.0455570220947266,2.0436041355133057
0.4832339882850647,1.9835519790649414
1.085988998413086,1.5312799215316772
1.085988998413086,1.7075086832046509
0.7320979833602905,1.6480787992477417
0.7320979833602905,1.5732284784317017
0.7128990292549133,1.6306504011154175
1.0453890562057495,1.5724823474884033
1.0453890562057495,1.4739001989364624
0.7359200119972229,1.8928993940353394
0.7359200119972229,1.6151268482208252
0.8956929445266724,1.6895018815994263
0.874550998210907,1.8339260816574097
0.874550998210907,1.6099077463150024
0.9237470030784607,1.826237440109253
0.9237470030784607,1.8986854553222656
0.9997780323028564,1.7804843187332153
1.7395340204238892,2.008930206298828
1.7395340204238892,2.236487865447998
0.8107889890670776,2.445131778717041
0.8107889890670776,1.7665596008300781
0.7049050331115723,1.7293968200683594
0.8328270316123962,1.7575407028198242
0.8328270316123962,1.8408756256103516
0.8276600241661072,1.8284605741500854
0.8276600241661072,1.7627655267715454
0.8953109979629517,1.662155032157898
1.459501028060913,1.8273483514785767
1.459501028060913,2.3591747283935547
1.1795190572738647,2.1874871253967285
1.1795190572738647,2.178677558898926
1.443411946296692,2.0085697174072266
1.3067350387573242,2.1306252479553223
1.3067350387573242,2.356788158416748
0.7634999752044678,1.969948649406433
0.7634999752044678,1.7733571529388428
1.1451480388641357,1.417504906654358
0.7253450155258179,1.7143818140029907
0.7253450155258179,1.4536120891571045
0.763359010219574,1.5624566078186035
0.763359010219574,1.6258316040039062
0.6174820065498352,1.6076186895370483
1.0293229818344116,1.5815026760101318
1.0293229818344116,1.6940429210662842
1.3020559549331665,1.8178226947784424
1.3020559549331665,1.9901801347732544
3.1641249656677246,1.9900777339935303
0.9734439849853516,3.427309989929199
0.9734439849853516,1.998170256614685
1.2296710014343262,1.6398576498031616
1.2296710014343262,1.9157581329345703
0.7441530227661133,2.1086008548736572
1.0630340576171875,1.508780837059021
1.0630340576171875,1.8979674577713013
1.1238720417022705,1.9768414497375488
1.1238720417022705,1.839622139930725
0.8984770774841309,1.7917770147323608
0.7175139784812927,1.7194775342941284
0.7175139784812927,1.6438387632369995
0.5367509722709656,1.5859266519546509
0.5367509722709656,1.1567035913467407
1.1754430532455444,1.399276852607727
1.1010489463806152,1.952233910560608
1.1010489463806152,1.8335398435592651
0.5734490156173706,1.8515939712524414
0.5734490156173706,1.5459243059158325
1.4311449527740479,1.4805312156677246
1.0377949476242065,2.279930591583252
1.0377949476242065,1.9496827125549316
0.6568620204925537,1.6595361232757568
0.6568620204925537,1.3794894218444824
1.0749080181121826,1.5269094705581665
1.385972023010254,1.7138535976409912
1.385972023010254,1.998585820198059
1.0048049688339233,2.2013676166534424
1.0048049688339233,1.844577670097351
1.6095399856567383,1.897210955619812
2.8175759315490723,2.463261842727661
2.8175759315490723,3.275277614593506
1.9625624418258667,3.0695066452026367
1.9625624418258667,3.033395528793335
1.2797520160675049,2.7052865028381348
1.9953298568725586,2.4064695835113525
1.9953298568725586,2.634735107421875
2.033385992050171,2.8677423000335693
2.033385992050171,2.8431100845336914
1.3074439764022827,2.5897178649902344
1.6112580299377441,1.964678168296814
1.6112580299377441,2.085371494293213
2.0402181148529053,2.262199640274048
2.0402181148529053,2.4548747539520264
2.1832449436187744,2.783846378326416
1.351415991783142,2.627890110015869
1.351415991783142,2.4871835708618164
0.7242180109024048,2.1300454139709473
0.7242180109024048,1.8139456510543823
1.363389015197754,1.2037113904953003
1.5268089771270752,1.921457290649414
1.5268089771270752,1.7963765859603882
1.7840197086334229,2.234421730041504
1.7840197086334229,2.43306565284729
1.1035970449447632,2.376988410949707
1.7630079984664917,1.9574886560440063
1.7630079984664917,2.4151370525360107
1.1575490236282349,2.52432918548584
1.1575490236282349,2.193416118621826
1.1533260345458984,1.9463800191879272
2.3628110885620117,1.9079959392547607
2.3628110885620117,2.6259496212005615
2.5807878971099854,2.935600996017456
2.5807878971099854,2.834658622741699
1.2421469688415527,3.1898388862609863
1.7128210067749023,2.260373592376709
1.7128210067749023,2.4302213191986084
0.6676509976387024,2.314814567565918
0.6676509976387024,1.6985503435134888
0.8271329998970032,1.6713746786117554
0.9642647504806519,1.8628238439559937
0.9642647504806519,1.8218600749969482
1.3941617012023926,1.6966572999954224
1.3941617012023926,2.130847930908203
0.7584049701690674,1.9409148693084717
0.6900759935379028,1.6273845434188843
0.6900759935379028,1.7299619913101196
0.6740249991416931,1.3346447944641113
0.6740249991416931,1.5929144620895386
0.8615220189094543,1.6712896823883057
0.7907469868659973,1.765816569328308
0.7907469868659973,1.6585944890975952
0.7285000085830688,1.3362468481063843
0.7285000085830688,1.669526219367981
0.24119800329208374,1.6612954139709473
0.33546000719070435,1.2512590885162354
0.33546000719070435,1.276855230331421
0.5912460088729858,1.3524843454360962
0.5912460088729858,1.3943873643875122
1.0584269762039185,1.4897985458374023
0.7669919729232788,1.6055793762207031
0.7669919729232788,1.8319834470748901
0.5881239771842957,1.6012485027313232
0.5881239771842957,1.691784143447876
0.5922303199768066,1.509657382965088
0.8753510117530823,1.6008888483047485
0.8828200101852417,1.7241342067718506
0.703827977180481,1.6102616786956787
0.703827977180481,1.695493459701538
0.5677499771118164,1.4155555963516235
0.7133870124816895,1.4398372173309326
0.7133870124816895,1.4791111946105957
1.0775059461593628,1.6711026430130005
1.0775059461593628,1.7474243640899658
0.6909419894218445,2.0546772480010986
0.772458016872406,1.7995043992996216
0.772458016872406,1.7668381929397583
0.7237120270729065,1.6304094791412354
0.7237120270729065,1.7927159070968628
0.9752489924430847,1.4915026426315308
0.9151769876480103,1.9315253496170044
0.9151769876480103,1.6713755130767822
0.7574009895324707,1.687894344329834
0.7574009895324707,1.736523151397705
0.6912069916725159,1.637290596961975
1.183527946472168,1.6332370042800903
1.183527946472168,1.507820963859558
0.7705749869346619,1.8949533700942993
0.7705749869346619,1.4351829290390015
0.8947699666023254,1.8925360441207886
0.6143350005149841,1.8515526056289673
0.6143350005149841,1.5654897689819336
0.7692319750785828,1.5036765336990356
0.7692319750785828,1.7303245067596436
0.9070749282836914,1.772310495376587
0.4068099856376648,1.5195878744125366
0.4068099856376648,1.3267345428466797
0.5138880014419556,0.8195504546165466
0.5138880014419556,1.3917063474655151
0.24814698100090027,1.4890779256820679
0.25687599182128906,1.4461545944213867
0.25687599182128906,1.0483927726745605
0.598065972328186,1.0708965063095093
0.598065972328186,1.5288435220718384
0.5981699824333191,1.4406588077545166
0.8801140189170837,1.3216265439987183
0.8801140189170837,1.70689857006073
1.085649013519287,1.8067671060562134
1.085649013519287,1.9651672840118408
0.9920129776000977,1.8097389936447144
0.8743849992752075,1.7620011568069458
0.8743849992752075,1.9002089500427246
0.8770260214805603,1.3786110877990723
0.8770260214805603,1.6251031160354614
1.008928894996643,1.6570746898651123
0.8088759779930115,1.8647013902664185
0.8088759779930115,1.5894888639450073
0.6714209914207458,1.7353980541229248
0.6714209914207458,1.438247799873352
0.7449629902839661,1.543067216873169
0.694267988204956,1.3607038259506226
0.694267988204956,1.4123896360397339
1.001886010169983,1.6260743141174316
1.001886010169983,1.723158836364746
0.7935580015182495,1.8831143379211426
0.8450049161911011,1.7299768924713135
0.8450049161911011,1.5982078313827515
0.8031240105628967,1.6841893196105957
0.8031240105628967,1.7091786861419678
0.574446976184845,1.6071597337722778
0.5679720044136047,1.6230837106704712
0.5679720044136047,1.5709812641143799
0.4538079798221588,1.5497679710388184
0.4538079798221588,1.4160066843032837
